0
0
0
0
0
0
0
0
0
0
0
0
233
235
217
219
235
161
265
86
265
86
287
44
291
40
291
40
291
40
291
40
291
40
291
40
291
40
402
88
417
113
434
150
413
113
397
87
402
95
410
112
416
131
426
165
426
165
444
249
444
249
462
291
467
286
477
285
483
290
487
288
484
280
480
277
477
279
473
290
453
330
431
147
436
154
445
170
451
187
461
220
469
247
479
280
484
276
491
278
497
285
480
223
459
146
448
126
448
132
447
149
447
165
446
196
445
224
443
274
443
277
443
271
438
210
433
160
436
150
447
164
452
171
470
206
473
225
474
236
473
243
470
243
469
248
465
261
463
277
440
198
429
152
435
152
441
159
447
169
458
192
469
226
477
255
