0.5328952074050903
0.1442740112543106
0.0
0.0
0.5285203456878662
0.1313529908657074
0.0
0.0
0.5073888897895813
0.13504193723201752
0.49602192640304565
0.20759396255016327
0.493574321269989
0.2017081379890442
0.4824904799461365
0.3190006613731384
0.4903918206691742
0.3075233995914459
0.4969601631164551
0.4062756896018982
0.517317533493042
0.39842498302459717
0.4948004186153412
0.4174422323703766
0.4923523962497711
0.4191053509712219
0.507303774356842
0.596100389957428
0.5077491998672485
0.6001315116882324
0.4916498064994812
0.7778618931770325
0.4800327718257904
0.7904869914054871
0.5287386178970337
0.14363573491573334
0.0
0.0
0.524168848991394
0.13101395964622498
0.0
0.0
0.5015547275543213
0.13505427539348602
0.48900002241134644
0.20592674612998962
0.4891529679298401
0.19922702014446259
0.47860485315322876
0.31703299283981323
0.48533767461776733
0.3026717007160187
0.503700852394104
0.4036332368850708
0.5192387700080872
0.3924923837184906
0.4911143183708191
0.4165927469730377
0.4899679124355316
0.4186649024486542
0.5069142580032349
0.5908428430557251
0.5042556524276733
0.595466673374176
0.4865151345729828
0.7651556134223938
0.465471088886261
0.7803234457969666
0.5235398411750793
0.14670711755752563
0.0
0.0
0.519729733467102
0.13351181149482727
0.0
0.0
0.4976124167442322
0.1353130340576172
0.4788243770599365
0.20473340153694153
0.4870402216911316
0.19797100126743317
0.46466153860092163
0.3140481114387512
0.48273563385009766
0.3005814552307129
0.48917728662490845
0.3995784819126129
0.5201999545097351
0.3877128064632416
0.4851631224155426
0.41757482290267944
0.48829561471939087
0.41997992992401123
0.5038834810256958
0.5892820358276367
0.5009655952453613
0.5936572551727295
0.48160529136657715
0.7574545741081238
0.45421552658081055
0.7707370519638062
0.5138775110244751
0.1427926868200302
0.0
0.0
0.5088319182395935
0.12990514934062958
0.0
0.0
0.48624199628829956
0.13489441573619843
0.4738427996635437
0.20627212524414062
0.4779050946235657
0.20039516687393188
0.4571606516838074
0.3163210153579712
0.4765290319919586
0.3039645850658417
0.4867246150970459
0.398110568523407
0.5230191946029663
0.38019946217536926
0.47769564390182495
0.42264777421951294
0.4762786328792572
0.42575615644454956
0.5028213262557983
0.5924170017242432
0.48606961965560913
0.5993802547454834
0.47745853662490845
0.7630631923675537
0.4296607971191406
0.7806022763252258
0.5084590911865234
0.13316303491592407
0.0
0.0
0.5013911724090576
0.11997553706169128
0.0
0.0
0.4792845845222473
0.12981295585632324
0.47334471344947815
0.20939932763576508
0.4709996283054352
0.20381931960582733
0.45666807889938354
0.31395214796066284
0.4709737300872803
0.3078402578830719
0.48768383264541626
0.38746148347854614
0.5213800072669983
0.3773067891597748
0.47610196471214294
0.42634227871894836
0.47087693214416504
0.4294329285621643
0.49497827887535095
0.5961537957191467
0.48049116134643555
0.6035312414169312
0.47559690475463867
0.7660285234451294
0.4310007691383362
0.7848538756370544
0.4950033128261566
0.1273840218782425
0.0
0.0
0.48980507254600525
0.11324463039636612
0.0
0.0
0.4703223705291748
0.12084604799747467
0.46669459342956543
0.20314699411392212
0.4544259011745453
0.20375624299049377
0.4685366749763489
0.3121304512023926
0.4601169526576996
0.3213832974433899
0.5013030171394348
0.3720628619194031
0.5061575174331665
0.37850382924079895
0.46582260727882385
0.42648473381996155
0.45626193284988403
0.4325142800807953
0.4828806519508362
0.6005626916885376
0.46835288405418396
0.6108855605125427
0.4666021764278412
0.7720254063606262
0.4372478425502777
0.7883697748184204
0.48754987120628357
0.13270065188407898
0.0
0.0
0.483654260635376
0.11810561269521713
0.0
0.0
0.46313610672950745
0.12343885749578476
0.4506584107875824
0.2084871083498001
0.44809308648109436
0.2047095000743866
0.44823113083839417
0.317899227142334
0.4515143930912018
0.32237786054611206
0.4840533137321472
0.38259369134902954
0.49903732538223267
0.38270124793052673
0.4547905921936035
0.42984211444854736
0.44798579812049866
0.43398556113243103
0.48280125856399536
0.606758177280426
0.4497449994087219
0.6104038953781128
0.48256659507751465
0.7785817384719849
0.40874165296554565
0.7815240621566772
0.4740239977836609
0.1341876983642578
0.0
0.0
0.4698302149772644
0.11956490576267242
0.0
0.0
0.4484301209449768
0.12435514479875565
0.4406763017177582
0.21165165305137634
0.4288574159145355
0.20475074648857117
0.4395138621330261
0.3352102041244507
0.430499404668808
0.3316582441329956
0.46957069635391235
0.40431517362594604
0.4806237816810608
0.3956040143966675
0.44149550795555115
0.43048083782196045
0.4285164475440979
0.4338027238845825
0.4697442948818207
0.6071478724479675
0.42873644828796387
0.6106160283088684
0.48003730177879333
0.7810958623886108
0.4003915786743164
0.7864373326301575
0.46765071153640747
0.13374997675418854
0.0
0.0
0.46265727281570435
0.1190372034907341
0.0
0.0
0.4419601857662201
0.12543393671512604
0.43426090478897095
0.2133258879184723
0.423165887594223
0.20564821362495422
0.43252047896385193
0.3308793306350708
0.4233223497867584
0.3230671286582947
0.4643145501613617
0.4016593396663666
0.47047704458236694
0.3954240679740906
0.42952069640159607
0.4306938052177429
0.41793298721313477
0.4337889850139618
0.45935162901878357
0.6057627201080322
0.4223305284976959
0.6095951795578003
0.4751676917076111
0.7780879735946655
0.40344253182411194
0.7889761328697205
0.45618540048599243
0.128767728805542
0.0
0.0
0.4503486752510071
0.11560668796300888
0.0
0.0
0.4279501438140869
0.12388356775045395
0.428363174200058
0.21021033823490143
0.40178990364074707
0.20574158430099487
0.4194568991661072
0.32763510942459106
0.3984856903553009
0.32647159695625305
0.4456549286842346
0.3914784789085388
0.45059823989868164
0.39243897795677185
0.42033010721206665
0.4290759563446045
0.39919859170913696
0.43481025099754333
0.4518148899078369
0.5968392491340637
0.4089427590370178
0.6071100831031799
0.4576757848262787
0.7690377235412598
0.39562928676605225
0.7901530861854553
0.4479601979255676
0.12507544457912445
0.0
0.0
0.44274502992630005
0.11098717898130417
0.0
0.0
0.4200965464115143
0.11928825080394745
0.41752201318740845
0.20844699442386627
0.39321085810661316
0.20411185920238495
0.40757909417152405
0.3290139138698578
0.3909994661808014
0.3299112915992737
0.4388953149318695
0.38917800784111023
0.4442392885684967
0.3956737816333771
0.413090318441391
0.4245878756046295
0.39447712898254395
0.4301275908946991
0.43718385696411133
0.5923898220062256
0.40780624747276306
0.6025863885879517
0.4361918866634369
0.7683193683624268
0.39250099658966064
0.7882311344146729
0.431588739156723
0.1199517548084259
0.0
0.0
0.4244803786277771
0.10622058808803558
0.0
0.0
0.4028291702270508
0.11933210492134094
0.4061155915260315
0.20893749594688416
0.38059958815574646
0.2025155872106552
0.3976653516292572
0.3320193290710449
0.3742330074310303
0.33113428950309753
0.43317022919654846
0.38765525817871094
0.4366026818752289
0.39946696162223816
0.4023760259151459
0.416761189699173
0.38515162467956543
0.4212038218975067
0.4134519696235657
0.588270366191864
0.40414541959762573
0.5984974503517151
0.39697104692459106
0.762294590473175
0.3841705918312073
0.7891110181808472
0.42133450508117676
0.11656477302312851
0.0
0.0
0.4136424660682678
0.10293710231781006
0.0
0.0
0.393958181142807
0.11633368581533432
0.3993450999259949
0.20605944097042084
0.37413784861564636
0.20713646709918976
0.3897680640220642
0.32625818252563477
0.37322068214416504
0.3311217129230499
0.42958563566207886
0.38420113921165466
0.4298725128173828
0.3990285098552704
0.3912341594696045
0.42070576548576355
0.37820178270339966
0.42830514907836914
0.3924636244773865
0.5879462957382202
0.4048095643520355
0.6057972311973572
0.35886403918266296
0.7513711452484131
0.39153555035591125
0.790309727191925
0.40330561995506287
0.1233094111084938
0.0
0.0
0.3958294987678528
0.10958777368068695
0.0
0.0
0.37646713852882385
0.1195475235581398
0.38661623001098633
0.20708012580871582
0.3556503355503082
0.20991486310958862
0.37918227910995483
0.3344716429710388
0.36662226915359497
0.3335903286933899
0.41621923446655273
0.3940105736255646
0.4187038838863373
0.38789722323417664
0.37664228677749634
0.42241355776786804
0.36262962222099304
0.43139946460723877
0.37167054414749146
0.5834774971008301
0.3973603844642639
0.6065951585769653
0.32339444756507874
0.7496622800827026
0.39524444937705994
0.793430507183075
0.391613632440567
0.12286631017923355
0.0
0.0
0.3844854533672333
0.10912352800369263
0.0
0.0
0.364522248506546
0.12095875293016434
0.3710533678531647
0.2119179219007492
0.3459109663963318
0.2110031098127365
0.3675689995288849
0.34122374653816223
0.360074907541275
0.3378985822200775
0.4096023440361023
0.3932933509349823
0.4126211702823639
0.39299842715263367
0.3645549714565277
0.42794570326805115
0.3548581004142761
0.4353116452693939
0.3603261113166809
0.5865349769592285
0.3925648331642151
0.6047873497009277
0.31704840064048767
0.7598274946212769
0.39326897263526917
0.7975690960884094
0.3778659701347351
0.128226175904274
0.0
0.0
0.3716070055961609
0.11426705121994019
0.0
0.0
0.35105469822883606
0.12368609011173248
0.35660016536712646
0.21511369943618774
0.3272213935852051
0.2080337107181549
0.35977232456207275
0.3487226665019989
0.34074363112449646
0.3314908444881439
0.3929901123046875
0.41030120849609375
0.3938564360141754
0.39434781670570374
0.3450253903865814
0.4304908812046051
0.33248642086982727
0.4349706768989563
0.3389475643634796
0.5936931371688843
0.3736620545387268
0.6055740118026733
0.3086320757865906
0.760973334312439
0.39080747961997986
0.7888405919075012
0.36662548780441284
0.13517993688583374
0.0
0.0
0.36089131236076355
0.12189818173646927
0.0
0.0
0.342980295419693
0.12840797007083893
0.3472391963005066
0.21398815512657166
0.3204365372657776
0.20947088301181793
0.3492664694786072
0.342976450920105
0.3349002003669739
0.33327966928482056
0.374830424785614
0.41167721152305603
0.3837067484855652
0.4022764563560486
0.33289390802383423
0.43194079399108887
0.3216935992240906
0.43654564023017883
0.3355104327201843
0.5901124477386475
0.3631742000579834
0.6015732288360596
0.31041398644447327
0.761350154876709
0.3790109157562256
0.7878239154815674
0.3551730513572693
0.13602684438228607
0.0
0.0
0.34877800941467285
0.12179828435182571
0.0
0.0
0.32834821939468384
0.13109512627124786
0.32758840918540955
0.22299790382385254
0.309482604265213
0.2147935926914215
0.32210463285446167
0.34421631693840027
0.3092586100101471
0.335816353559494
0.3609665036201477
0.39608433842658997
0.36758536100387573
0.3978422284126282
0.31794869899749756
0.4331624209880829
0.3094072937965393
0.4365409314632416
0.326030969619751
0.5923369526863098
0.3452843129634857
0.5985641479492188
0.30330008268356323
0.7621381282806396
0.33287137746810913
0.7804099917411804
0.3451026976108551
0.13408449292182922
0.0
0.0
0.33734941482543945
0.1211889460682869
0.0
0.0
0.3197142779827118
0.13658930361270905
0.31980177760124207
0.21554574370384216
0.30969420075416565
0.21180559694766998
0.3166847825050354
0.3307158946990967
0.3004385232925415
0.33243077993392944
0.34898993372917175
0.37968364357948303
0.3555372655391693
0.39351221919059753
0.31074094772338867
0.42478299140930176
0.30556532740592957
0.4283350706100464
0.32369035482406616
0.586106538772583
0.33273008465766907
0.593382716178894
0.30739572644233704
0.7543209791183472
0.30437570810317993
0.7802481055259705
0.32886987924575806
0.13729430735111237
0.0
0.0
0.32328763604164124
0.12312570959329605
0.0
0.0
0.30307745933532715
0.13122457265853882
0.2963589131832123
0.21925123035907745
0.28919631242752075
0.20960864424705505
0.3012509346008301
0.3309258222579956
0.2796417772769928
0.33394700288772583
0.3386918604373932
0.38204142451286316
0.3373941481113434
0.39935314655303955
0.2953081429004669
0.4326317608356476
0.28798192739486694
0.433929979801178
0.3136492669582367
0.5963326096534729
0.29986560344696045
0.5949784517288208
0.3012898564338684
0.7498832941055298
0.24969466030597687
0.7528355717658997
0.3185137212276459
0.13494262099266052
0.0
0.0
0.31317824125289917
0.12195858359336853
0.0
0.0
0.29423269629478455
0.13307622075080872
0.2867930829524994
0.21522828936576843
0.28662651777267456
0.2134602665901184
0.29139795899391174
0.32894372940063477
0.27591973543167114
0.33905452489852905
0.32708150148391724
0.39017313718795776
0.3283087909221649
0.3989731967449188
0.29028505086898804
0.4343634247779846
0.28627005219459534
0.4377414584159851
0.3102589249610901
0.5976963639259338
0.286276638507843
0.5996299982070923
0.30460324883461
0.7545201778411865
0.22985804080963135
0.7597375512123108
0.3015788495540619
0.14019568264484406
0.0
0.0
0.29737237095832825
0.12660755217075348
0.0
0.0
0.27760958671569824
0.13658620417118073
0.2729230225086212
0.21699482202529907
0.25775599479675293
0.21880395710468292
0.272233784198761
0.33530232310295105
0.2571512460708618
0.35218650102615356
0.30259016156196594
0.4041261076927185
0.3104487955570221
0.4076738953590393
0.2715209126472473
0.43159162998199463
0.25513210892677307
0.4378570020198822
0.3008398115634918
0.5942331552505493
0.25337308645248413
0.6033568382263184
0.29846546053886414
0.7606454491615295
0.2077067792415619
0.7694088220596313
0.29005616903305054
0.13958485424518585
0.0
0.0
0.28375881910324097
0.12606264650821686
0.0
0.0
0.26022881269454956
0.13955265283584595
0.2631652057170868
0.2258155792951584
0.2420351207256317
0.2244061380624771
0.26541993021965027
0.34824007749557495
0.24538083374500275
0.35232415795326233
0.29492244124412537
0.4137006998062134
0.29840850830078125
0.4084429442882538
0.2630178928375244
0.4331798255443573
0.24187636375427246
0.43883776664733887
0.288119375705719
0.6016702651977539
0.23582465946674347
0.6102425456047058
0.29649531841278076
0.761889636516571
0.2020483911037445
0.7742249965667725
0.27439165115356445
0.13827268779277802
0.0
0.0
0.2683732211589813
0.125541090965271
0.0
0.0
0.24771228432655334
0.136984720826149
0.2603270411491394
0.22000770270824432
0.2218513786792755
0.21764764189720154
0.2650933265686035
0.32201316952705383
0.21790890395641327
0.3417150676250458
0.2808740437030792
0.3576316833496094
0.26632410287857056
0.4150761067867279
0.24605247378349304
0.4348408281803131
0.21477194130420685
0.43797963857650757
0.270141065120697
0.6022107601165771
0.21403805911540985
0.6074520349502563
0.28252336382865906
0.7532311081886292
0.1960725635290146
0.7714266180992126
0.26466381549835205
0.14077945053577423
0.0
0.0
0.25805848836898804
0.12851020693778992
0.0
0.0
0.23564152419567108
0.14060169458389282
0.24378588795661926
0.2312673181295395
0.2107454538345337
0.21804086863994598
0.2412422001361847
0.35712671279907227
0.20569375157356262
0.33714374899864197
0.2579553723335266
0.4095239043235779
0.24721519649028778
0.4042920470237732
0.22871331870555878
0.4355778992176056
0.20291993021965027
0.4357546865940094
0.2604597806930542
0.5927595496177673
0.2100280225276947
0.5961611866950989
0.26998358964920044
0.7537204027175903
0.19421546161174774
0.773758590221405
0.24330613017082214
0.12643593549728394
0.0
0.0
0.23627015948295593
0.11460138857364655
0.0
0.0
0.21519441902637482
0.1303856372833252
0.22918419539928436
0.2192482203245163
0.19058683514595032
0.2163960188627243
0.22174052894115448
0.34137266874313354
0.1819423884153366
0.3376772105693817
0.23540978133678436
0.4126335680484772
0.22401544451713562
0.41270676255226135
0.22246232628822327
0.43243154883384705
0.19617731869220734
0.4369373321533203
0.239106222987175
0.5864160060882568
0.20937807857990265
0.5976600646972656
0.22212524712085724
0.7478796243667603
0.18895526230335236
0.7742771506309509
