0.0
0.0
0.0
0.0
0.0
0.0
0.5391144156455994
0.6295620799064636
0.5555223226547241
0.6272962689399719
0.5312330722808838
0.6655869483947754
0.564229428768158
0.6608689427375793
0.5212093591690063
0.7149726748466492
0.5813773274421692
0.7084978818893433
0.5239254236221313
0.7390896081924438
0.5996371507644653
0.7355805039405823
0.5385208129882812
0.7559491395950317
0.5616336464881897
0.753898024559021
0.5331971645355225
0.8292709589004517
0.5702806711196899
0.823211133480072
0.5329869389533997
0.9036290645599365
0.5766972303390503
0.8941857218742371
0.0
0.0
0.0
0.0
0.0
0.0
0.5256059765815735
0.6266480684280396
0.5407434701919556
0.621065080165863
0.5204586386680603
0.6631090641021729
0.552237331867218
0.6504151821136475
0.5157691240310669
0.7103609442710876
0.5661910772323608
0.6940668821334839
0.5219177007675171
0.7297652363777161
0.580954909324646
0.7279659509658813
0.5303345322608948
0.7535542249679565
0.5514438152313232
0.7461147904396057
0.5327109098434448
0.8338903784751892
0.5533560514450073
0.8143864870071411
0.534555196762085
0.90354984998703
0.5532413721084595
0.876873791217804
0.0
0.0
0.0
0.0
0.0
0.0
0.5138092637062073
0.6027270555496216
0.5281816720962524
0.6013067960739136
0.5085728764533997
0.6367954015731812
0.5378356575965881
0.6354640126228333
0.505003809928894
0.6765246987342834
0.5498785376548767
0.671920120716095
0.0
0.0
0.0
0.0
0.5188511610031128
0.7268072366714478
0.5375049114227295
0.7267879843711853
0.5230972766876221
0.7984422445297241
0.5312063097953796
0.8008803725242615
0.527107834815979
0.8683090209960938
0.5257912874221802
0.8739929795265198
0.0
0.0
0.0
0.0
0.0
0.0
0.5070372819900513
0.5922686457633972
0.5222709774971008
0.5923393964767456
0.49991869926452637
0.6258712410926819
0.5310361385345459
0.6273180246353149
0.49307721853256226
0.6703590154647827
0.5447494387626648
0.6651832461357117
0.0
0.0
0.5522071123123169
0.6761177778244019
0.5078481435775757
0.7089015245437622
0.5270324945449829
0.7115370035171509
0.5122836828231812
0.7725127935409546
0.5205532312393188
0.7827674150466919
0.5202845335006714
0.8374414443969727
0.5217212438583374
0.8545575737953186
0.0
0.0
0.0
0.0
0.0
0.0
0.5015910863876343
0.5840294361114502
0.5146545767784119
0.5851866602897644
0.49239444732666016
0.6174195408821106
0.5225568413734436
0.6229694485664368
0.4833223223686218
0.6594836115837097
0.5297732949256897
0.6736493706703186
0.48898863792419434
0.6865079402923584
0.5300886631011963
0.7094676494598389
0.4957490563392639
0.7042935490608215
0.5141966342926025
0.7060514688491821
0.4953958988189697
0.7699984312057495
0.5007739067077637
0.7723517417907715
0.509512186050415
0.8282034993171692
0.4966369569301605
0.8308663964271545
0.0
0.0
0.0
0.0
0.0
0.0
0.4970948100090027
0.5677167177200317
0.5105681419372559
0.568827748298645
0.48920315504074097
0.6017751693725586
0.5179232954978943
0.605506420135498
0.4804852604866028
0.6457771062850952
0.5240432620048523
0.6529101729393005
0.48722022771835327
0.6652078032493591
0.5239068269729614
0.6684911847114563
0.4913688600063324
0.6884647607803345
0.5097203254699707
0.6889752149581909
0.4863151013851166
0.7534565329551697
0.4974994659423828
0.7544648051261902
0.4916408061981201
0.8115163445472717
0.4926544725894928
0.8118784427642822
0.0
0.0
0.0
0.0
0.0
0.0
0.49050173163414
0.5440113544464111
0.5046402215957642
0.5450063943862915
0.4822072982788086
0.5779114961624146
0.5134772658348083
0.5811342597007751
0.47222548723220825
0.6241123080253601
0.5218403935432434
0.6324427127838135
0.47712773084640503
0.6425023674964905
0.5177994966506958
0.6606909036636353
0.485457181930542
0.664043664932251
0.5066545009613037
0.6655060052871704
0.4782531261444092
0.7299598455429077
0.501495897769928
0.7353981137275696
0.4710916578769684
0.7962530255317688
0.4937511086463928
0.8049715757369995
0.0
0.0
0.0
0.0
0.0
0.0
0.48795080184936523
0.5413256287574768
0.5022414922714233
0.5418424606323242
0.4799463748931885
0.573830783367157
0.5107423067092896
0.576895534992218
0.4683752655982971
0.6135162115097046
0.5178583860397339
0.6217503547668457
0.47575417160987854
0.6307729482650757
0.5152513980865479
0.6476954817771912
0.4806087017059326
0.655784547328949
0.5031404495239258
0.6571518778800964
0.47448763251304626
0.7202761173248291
0.5057439804077148
0.7227445840835571
0.46142712235450745
0.7845872640609741
0.5031055212020874
0.7879799604415894
0.0
0.0
0.0
0.0
0.0
0.0
0.4864630103111267
0.5557030439376831
0.500352144241333
0.5573136806488037
0.4779652953147888
0.5848454833030701
0.5052375793457031
0.5910868048667908
0.4647641181945801
0.621228814125061
0.5102302432060242
0.6413913369178772
0.4733555316925049
0.6364445090293884
0.5147793292999268
0.6788838505744934
0.4743655323982239
0.6656584143638611
0.49688607454299927
0.6684016585350037
0.4660979211330414
0.7094112038612366
0.5165034532546997
0.7156371474266052
0.4498121738433838
0.7651083469390869
0.5279673933982849
0.7750524878501892
0.0
0.0
0.0
0.0
0.0
0.0
0.4871319830417633
0.5720275640487671
0.5014430284500122
0.5756691098213196
0.4769193232059479
0.5986912250518799
0.5044594407081604
0.6094384789466858
0.46069756150245667
0.6364552974700928
0.508638322353363
0.6579186916351318
0.4655453562736511
0.6622422337532043
0.5118674635887146
0.6829383969306946
0.47099947929382324
0.6779475808143616
0.494642436504364
0.6833550333976746
0.4633408486843109
0.7139910459518433
0.5188686847686768
0.720928966999054
0.44573602080345154
0.7645710706710815
0.5349891781806946
0.7703582048416138
0.0
0.0
0.0
0.0
0.0
0.0
0.5002335906028748
0.5728858709335327
0.5140551328659058
0.5772124528884888
0.4896632134914398
0.597619891166687
0.5163463354110718
0.6084879636764526
0.47703903913497925
0.6373439431190491
0.5188459753990173
0.6568486094474792
0.4753052294254303
0.6642148494720459
0.5222449898719788
0.6879170536994934
0.4816780984401703
0.6735457181930542
0.5047097206115723
0.6791643500328064
0.47014355659484863
0.7114375829696655
0.5262502431869507
0.7204627990722656
0.4502771496772766
0.7587032914161682
0.5352259874343872
0.7696918845176697
0.0
0.0
0.0
0.0
0.0
0.0
0.5121380090713501
0.5622419714927673
0.5260629653930664
0.5655933618545532
0.5020588636398315
0.5894189476966858
0.5292583703994751
0.5985191464424133
0.4892271161079407
0.6305656433105469
0.530407726764679
0.6496238708496094
0.4884394705295563
0.6526327133178711
0.5354094505310059
0.6841290593147278
0.49297332763671875
0.6666091680526733
0.5162773728370667
0.671282947063446
0.4827176630496979
0.7054322361946106
0.5379197597503662
0.7148962020874023
0.4550648629665375
0.7559480667114258
0.5358394384384155
0.7687184810638428
0.0
0.0
0.0
0.0
0.0
0.0
0.5299191474914551
0.5495380163192749
0.543910801410675
0.5520328283309937
0.5214035511016846
0.5760971307754517
0.54584801197052
0.5851412415504456
0.511671781539917
0.6088379621505737
0.5487310886383057
0.6343593597412109
0.0
0.0
0.5565842390060425
0.6634988784790039
0.5151291489601135
0.6537351608276367
0.534601628780365
0.6570246815681458
0.5034359693527222
0.7045673727989197
0.5440611243247986
0.7116590738296509
0.48227447271347046
0.7621200680732727
0.5373005867004395
0.770999550819397
0.0
0.0
0.0
0.0
0.0
0.0
0.5405983328819275
0.5307220220565796
0.5549178123474121
0.5336852073669434
0.5313272476196289
0.5602615475654602
0.5547480583190918
0.5681307315826416
0.5218364000320435
0.5946876406669617
0.5555177927017212
0.6172504425048828
0.0
0.0
0.5649893879890442
0.6524276733398438
0.5270567536354065
0.6435343027114868
0.5434633493423462
0.6463721990585327
0.5236243009567261
0.705245316028595
0.5459977388381958
0.707607090473175
0.5083624124526978
0.7634404301643372
0.5395083427429199
0.7644675970077515
0.0
0.0
0.0
0.0
0.0
0.0
0.0
0.0
0.5644329190254211
0.5311169624328613
0.5450550317764282
0.5565787553787231
0.5617514848709106
0.5635868906974792
0.0
0.0
0.56019127368927
0.6060122847557068
0.0
0.0
0.5707010626792908
0.6153221726417542
0.5449651479721069
0.6385444402694702
0.556006908416748
0.6425315737724304
0.5547646880149841
0.703673243522644
0.5630078911781311
0.7070499658584595
0.555414080619812
0.7624653577804565
0.5576318502426147
0.7664316892623901
0.0
0.0
0.0
0.0
0.0
0.0
0.0
0.0
0.5737080574035645
0.5466095209121704
0.5556877255439758
0.566148042678833
0.5699153542518616
0.579925537109375
0.0
0.0
0.571216344833374
0.6299169659614563
0.0
0.0
0.5926002264022827
0.6624181866645813
0.5587074160575867
0.6517980098724365
0.5677193403244019
0.6597433686256409
0.5743393898010254
0.7112069129943848
0.5777947306632996
0.7190684080123901
0.5708740949630737
0.7725263237953186
0.5701529383659363
0.780289351940155
0.0
0.0
0.0
0.0
0.0
0.0
0.0
0.0
0.5839232206344604
0.5649566650390625
0.5733523964881897
0.586597204208374
0.5809130668640137
0.6014028191566467
0.5890642404556274
0.6070786714553833
0.5839763879776001
0.6507859230041504
0.6043524146080017
0.595483660697937
0.6017078161239624
0.6713374853134155
0.5700002312660217
0.6678486466407776
0.5773694515228271
0.6776387691497803
0.5851621627807617
0.7139573693275452
0.6039705872535706
0.7348562479019165
0.5695570707321167
0.7708467245101929
0.5957104563713074
0.8050411939620972
0.0
0.0
0.0
0.0
0.0
0.0
0.0
0.0
0.5912938714027405
0.5736621022224426
0.5820385813713074
0.593879759311676
0.5965015292167664
0.602642297744751
0.6047366261482239
0.5917362570762634
0.6115706562995911
0.5975459814071655
0.6164895296096802
0.5812442302703857
0.6200908422470093
0.5858016014099121
0.5782852172851562
0.6745297908782959
0.5902553200721741
0.6826157569885254
0.5851818323135376
0.7235978245735168
0.6113357543945312
0.7497279644012451
0.5698809027671814
0.7772441506385803
0.6097184419631958
0.8206064701080322
0.6084474921226501
0.5665825605392456
0.0
0.0
0.0
0.0
0.0
0.0
0.6002634763717651
0.5831873416900635
0.5996760129928589
0.5859749913215637
0.601417601108551
0.6239587664604187
0.6147621273994446
0.5684781670570374
0.6046348810195923
0.6530963778495789
0.6257511377334595
0.5559213757514954
0.6164500713348389
0.6587764024734497
0.5949598550796509
0.6723629236221313
0.5995059013366699
0.692463755607605
0.5923665761947632
0.7235440611839294
0.6165533065795898
0.7620295286178589
0.566037654876709
0.7788626551628113
0.6168771386146545
0.8284540772438049
0.6130025386810303
0.562988817691803
0.0
0.0
0.609105110168457
0.5590386986732483
0.0
0.0
0.6032239198684692
0.5684891939163208
0.6089600324630737
0.5939115881919861
0.6063337326049805
0.6055529713630676
0.0
0.0
0.6092053651809692
0.646887481212616
0.0
0.0
0.6167486906051636
0.6621706485748291
0.6101897954940796
0.6831167340278625
0.6107332110404968
0.6887050867080688
0.60625159740448
0.7523608803749084
0.6238561868667603
0.7575950622558594
0.5956186652183533
0.8246293067932129
0.6183058619499207
0.8292223811149597
0.6155624985694885
0.5554076433181763
0.0
0.0
0.6113505959510803
0.5535393357276917
0.0
0.0
0.6058216094970703
0.5673484802246094
0.6185935735702515
0.589928925037384
0.6090990900993347
0.6011348962783813
0.6422444581985474
0.6044052243232727
0.6228955388069153
0.6169908046722412
0.636027455329895
0.5952851176261902
0.630264401435852
0.596030592918396
0.6251875162124634
0.6796417236328125
0.6181865930557251
0.6849523186683655
0.6216586828231812
0.743247389793396
0.6175071001052856
0.7553291320800781
0.6018349528312683
0.8070935010910034
0.6031567454338074
0.8235963582992554
0.6150099039077759
0.5502139925956726
0.0
0.0
0.6105263829231262
0.5481024980545044
0.0
0.0
0.604215681552887
0.5624327063560486
0.6207780838012695
0.5858483910560608
0.6079040765762329
0.5941019654273987
0.641128659248352
0.5731799602508545
0.6165546178817749
0.6054486036300659
0.6552647352218628
0.5549896955490112
0.6386376619338989
0.5933084487915039
0.6299721002578735
0.6808106303215027
0.6189486980438232
0.6818669438362122
0.6343330144882202
0.7559652328491211
0.6151828169822693
0.7473134994506836
0.629226803779602
0.8278681635856628
0.5873486399650574
0.8088206648826599
0.0
0.0
0.0
0.0
0.0
0.0
0.0
0.0
0.6175181865692139
0.5730308294296265
0.6055622696876526
0.6070094108581543
0.6279802918434143
0.5968532562255859
0.0
0.0
0.6554126143455505
0.5856844186782837
0.0
0.0
0.669192910194397
0.5691591501235962
0.6183638572692871
0.6954490542411804
0.6355096101760864
0.6969436407089233
0.617406964302063
0.7542762160301208
0.6495595574378967
0.7745843529701233
0.5880628228187561
0.8121683597564697
0.6552187204360962
0.8585227727890015
0.0
0.0
0.0
0.0
0.0
0.0
0.6070407629013062
0.6060572266578674
0.6215900182723999
0.6014052629470825
0.6080434322357178
0.6378026604652405
0.6300857067108154
0.630359947681427
0.0
0.0
0.6556941270828247
0.6388038396835327
0.0
0.0
0.6709633469581604
0.6345730423927307
0.6216036081314087
0.714972198009491
0.639431357383728
0.7175961136817932
0.622652530670166
0.7706092000007629
0.6569930911064148
0.7914994359016418
0.595259964466095
0.8253896236419678
0.6709696650505066
0.8697672486305237
0.0
0.0
0.0
0.0
0.0
0.0
0.6053189635276794
0.6298988461494446
0.6200996041297913
0.6251109838485718
0.6022804379463196
0.6639628410339355
0.6313153505325317
0.6545854210853577
0.6011751890182495
0.7124956846237183
0.6496177911758423
0.6914509534835815
0.0
0.0
0.6544954776763916
0.7025660276412964
0.6163787245750427
0.7462754249572754
0.6388176083564758
0.7426117658615112
0.6170597076416016
0.8144099712371826
0.6554001569747925
0.8078612685203552
0.6074012517929077
0.8801759481430054
0.6694996953010559
0.8750461339950562
0.0
0.0
0.0
0.0
0.0
0.0
0.597350001335144
0.618665337562561
0.6122068762779236
0.6163926720619202
0.5929446816444397
0.6548853516578674
0.6209284067153931
0.6515178084373474
0.5856589674949646
0.7063462734222412
0.6358245611190796
0.702610969543457
0.5926831960678101
0.7300313115119934
0.6386652588844299
0.7270317077636719
0.6027336716651917
0.7433485984802246
0.6233463287353516
0.7411033511161804
0.6075379848480225
0.8178435564041138
0.6412791013717651
0.8080030083656311
0.6095184087753296
0.8936437964439392
0.6641923189163208
0.8779324889183044
0.0
0.0
0.0
0.0
0.0
0.0
0.5840606689453125
0.5923592448234558
0.599408745765686
0.5910348892211914
0.5734304189682007
0.6283558011054993
0.6063366532325745
0.6266590356826782
0.5675115585327148
0.673430323600769
0.6161074638366699
0.6733499765396118
0.5774375200271606
0.6928794980049133
0.623957097530365
0.7050327658653259
0.5836468935012817
0.7200186252593994
0.6061928272247314
0.721030592918396
0.5943615436553955
0.7992633581161499
0.6176865100860596
0.797564685344696
0.6014590263366699
0.876619815826416
0.6189841032028198
0.8746767044067383
0.0
0.0
0.0
0.0
0.0
0.0
0.5746928453445435
0.5844112038612366
0.5920444130897522
0.5849335193634033
0.5657730102539062
0.6204196214675903
0.5972190499305725
0.6233152151107788
0.5586724281311035
0.6662914156913757
0.6064698100090027
0.6739237308502197
0.0
0.0
0.6135774254798889
0.715261697769165
0.5718223452568054
0.7138286232948303
0.5924657583236694
0.7158384323120117
0.5760237574577332
0.7864850163459778
0.592786967754364
0.7915511131286621
0.5762904286384583
0.8563481569290161
0.5891011953353882
0.8680189251899719
0.0
0.0
0.0
0.0
0.0
0.0
0.5561556816101074
0.591946542263031
0.573911190032959
0.5921206474304199
0.5494270324707031
0.6276954412460327
0.5815094709396362
0.6299315690994263
0.5388249158859253
0.6752918362617493
0.5900324583053589
0.6783818602561951
0.5530019998550415
0.6818751096725464
0.5899492502212524
0.7060732245445251
0.553169310092926
0.7160664200782776
0.576125979423523
0.719634473323822
0.5479179620742798
0.7830991744995117
0.5776609182357788
0.7968185544013977
0.5303356051445007
0.847269594669342
0.575281023979187
0.8728457093238831
0.0
0.0
0.0
0.0
0.0
0.0
0.5433437824249268
0.593842625617981
0.560005247592926
0.5937291383743286
0.5380662679672241
0.6287565231323242
0.5672231316566467
0.6307805776596069
0.5325852036476135
0.6793815493583679
0.5752531886100769
0.6777440309524536
0.5364469289779663
0.7087014317512512
0.582324743270874
0.7255271077156067
0.5398090481758118
0.7168099284172058
0.5631769895553589
0.7205448746681213
0.5296890139579773
0.7753916382789612
0.5735701322555542
0.7952007055282593
0.5045726895332336
0.8346812725067139
0.5734102725982666
0.8751838803291321
0.0
0.0
0.0
0.0
0.0
0.0
0.5290425419807434
0.591451108455658
0.5428956747055054
0.5962877869606018
0.5174663066864014
0.6230201721191406
0.5472381711006165
0.6351343989372253
0.5105255246162415
0.6657077074050903
0.553977370262146
0.6779183149337769
0.0
0.0
0.0
0.0
0.5162271857261658
0.7132745385169983
0.5396606922149658
0.722966194152832
0.5041869878768921
0.7622252702713013
0.5526834726333618
0.7888882160186768
0.48538294434547424
0.8133314251899719
0.562682569026947
0.8558186292648315
0.0
0.0
0.0
0.0
0.0
0.0
0.0
0.0
0.5322880744934082
0.5941108465194702
0.5067165493965149
0.620362401008606
0.5358530879020691
0.6298871040344238
0.4950304627418518
0.6631801724433899
0.5395973920822144
0.6780678033828735
0.504713773727417
0.6752035617828369
0.5405575633049011
0.7046422362327576
0.5018603205680847
0.7063578367233276
0.5253301858901978
0.7118111252784729
0.49220019578933716
0.760800838470459
0.5354064702987671
0.769795835018158
0.48045283555984497
0.8197567462921143
0.5477384328842163
0.8345903754234314
0.5313382148742676
0.5820251107215881
0.0
0.0
0.5286480784416199
0.5761250853538513
0.0
0.0
0.5217276215553284
0.5769445896148682
0.49758705496788025
0.6024044156074524
0.5253711938858032
0.6145188808441162
0.4871528148651123
0.6412506699562073
0.5276111960411072
0.660713791847229
0.4950205683708191
0.6620083451271057
0.5305103659629822
0.6882500648498535
0.4935084879398346
0.6904670596122742
0.5149958729743958
0.69768887758255
0.4916059076786041
0.7536033391952515
0.5248936414718628
0.767041802406311
0.48079925775527954
0.8160962462425232
0.5277310013771057
0.8377219438552856
0.5268994569778442
0.5736880302429199
0.0
0.0
0.5246360898017883
0.5673531889915466
0.0
0.0
0.5165132284164429
0.5671363472938538
0.4933748245239258
0.591206431388855
0.5192652940750122
0.6072904467582703
0.4787483215332031
0.6273228526115417
0.5220167636871338
0.6585290431976318
0.47109299898147583
0.6689093112945557
0.5281776785850525
0.689630389213562
0.4904490113258362
0.681527853012085
0.5094581246376038
0.6897761225700378
0.4887685179710388
0.7458738684654236
0.5198723077774048
0.7575873732566833
0.4787216782569885
0.8141168355941772
0.5203197002410889
0.8267285823822021
0.522610068321228
0.5674965381622314
0.0
0.0
0.5201622247695923
0.5611781477928162
0.0
0.0
0.5101386904716492
0.5606703162193298
0.48985806107521057
0.5840840935707092
0.513361930847168
0.5983818769454956
0.4723966717720032
0.6177968978881836
0.5164908170700073
0.6475105285644531
0.46769213676452637
0.6545571088790894
0.5250493288040161
0.6665074825286865
0.4884648323059082
0.67624831199646
0.5055219531059265
0.6825346946716309
0.4869057238101959
0.7437411546707153
0.5147220492362976
0.7473298907279968
0.4787728190422058
0.8169445395469666
0.5170992612838745
0.8154445290565491
0.5210286378860474
0.5662127733230591
0.0
0.0
0.5187327265739441
0.5599886775016785
0.0
0.0
0.509020209312439
0.5595150589942932
0.48868221044540405
0.5832898020744324
0.5121738910675049
0.5968154668807983
0.47343316674232483
0.6174437999725342
0.5161095261573792
0.6461145877838135
0.4679884910583496
0.6545556783676147
0.5276432037353516
0.6640163660049438
0.48757511377334595
0.6758711338043213
0.5047924518585205
0.6815189123153687
0.48484405875205994
0.7439261674880981
0.5144443511962891
0.7457068562507629
0.47971534729003906
0.8171848058700562
0.5187363624572754
0.8127022385597229
0.5217334032058716
0.5661345720291138
0.0
0.0
0.5195428133010864
0.5598016381263733
0.0
0.0
0.5101795196533203
0.5588350296020508
0.4881424307823181
0.583476185798645
0.5126024484634399
0.5965350866317749
0.47256866097450256
0.619350016117096
0.5194685459136963
0.6474660038948059
0.47334790229797363
0.658331036567688
0.5304620862007141
0.6621572375297546
0.48646873235702515
0.6749866604804993
0.5044997334480286
0.6804209351539612
0.48482394218444824
0.7440049648284912
0.5169371366500854
0.7453171610832214
0.48058295249938965
0.8141903281211853
0.5237341523170471
0.8081306219100952
0.5237609148025513
0.5670232772827148
0.0
0.0
0.5215944051742554
0.5606392025947571
0.0
0.0
0.5127118229866028
0.5602812170982361
0.4884870946407318
0.5845099687576294
0.5165019631385803
0.5990874171257019
0.4737205505371094
0.6197624802589417
0.5237000584602356
0.6498281359672546
0.472876638174057
0.660871148109436
0.5319049954414368
0.6619699001312256
0.48618966341018677
0.6748417615890503
0.5067063570022583
0.6803078651428223
0.4859558045864105
0.7444117069244385
0.5173810720443726
0.7458083033561707
0.48282256722450256
0.8165746331214905
0.525133490562439
0.8102864027023315
0.5281358361244202
0.5697206854820251
0.0
0.0
0.5259454846382141
0.5636504292488098
0.0
0.0
0.5170297622680664
0.564532458782196
0.49236994981765747
0.5871565341949463
0.5215767025947571
0.6043316721916199
0.4781322479248047
0.6186617016792297
0.5295562744140625
0.6534915566444397
0.47115641832351685
0.6602893471717834
0.5338505506515503
0.6606924533843994
0.4890063405036926
0.6774221062660217
0.5102243423461914
0.6838513016700745
0.48715004324913025
0.7450346946716309
0.519243597984314
0.7485716938972473
0.4828696846961975
0.8172227740287781
0.525696873664856
0.8127714395523071
0.5294718146324158
0.5661367177963257
0.0
0.0
0.5270524621009827
0.5604772567749023
0.0
0.0
0.5179321765899658
0.561887264251709
0.49383050203323364
0.5823162794113159
0.5232423543930054
0.5993786454200745
0.4780100882053375
0.6153848767280579
0.5293554067611694
0.6515718102455139
0.4711882174015045
0.6595261693000793
0.5289677381515503
0.6681468486785889
0.4905937612056732
0.6718178391456604
0.5116863250732422
0.678463339805603
0.4869689345359802
0.7420293092727661
0.5194728374481201
0.7455015182495117
0.47995734214782715
0.8154706358909607
0.5235384702682495
0.8106259107589722
0.5279108285903931
0.5618044137954712
0.0
0.0
0.5257277488708496
0.5558146238327026
0.0
0.0
0.5175545811653137
0.5558059811592102
0.4929257333278656
0.5800537467002869
0.5222107768058777
0.5938669443130493
0.4794600009918213
0.6183767914772034
0.5299709439277649
0.6456865072250366
0.4755045473575592
0.6593483090400696
0.527363657951355
0.6631975173950195
0.4911801815032959
0.6681542992591858
0.5134575366973877
0.6738971471786499
0.48272275924682617
0.7385182976722717
0.5224467515945435
0.7421073913574219
0.4727073609828949
0.8121861815452576
0.529394805431366
0.8100553750991821
0.0
0.0
0.0
0.0
0.0
0.0
0.0
0.0
0.5191594958305359
0.5621328353881836
0.491870641708374
0.5893558263778687
0.5219312310218811
0.6007171273231506
0.4803233742713928
0.6287639737129211
0.528525710105896
0.6521069407463074
0.4784170091152191
0.6628175377845764
0.5252829790115356
0.6730355024337769
0.489961713552475
0.6772291660308838
0.514621376991272
0.6816006898880005
0.47801023721694946
0.745936930179596
0.5293921232223511
0.7491828203201294
0.4641633629798889
0.8167355060577393
0.5402402877807617
0.8155264258384705
0.0
0.0
0.0
0.0
0.0
0.0
0.0
0.0
0.5162922143936157
0.5906701683998108
0.49154672026634216
0.6185263395309448
0.5219243764877319
0.6273265480995178
0.48431992530822754
0.6630579829216003
0.5277756452560425
0.6814938187599182
0.4801308214664459
0.7066963315010071
0.5268106460571289
0.7201927900314331
0.4894734025001526
0.7043585777282715
0.5154932737350464
0.7073892951011658
0.47423210740089417
0.7605791091918945
0.532166600227356
0.7615811824798584
0.46290746331214905
0.8230993747711182
0.548963725566864
0.8200804591178894
0.0
0.0
0.0
0.0
0.0
0.0
0.5080016851425171
0.5933920741081238
0.5229905247688293
0.5952168107032776
0.4986620545387268
0.6256963610649109
0.5293146967887878
0.6296258568763733
0.4915000796318054
0.6716777086257935
0.5337886810302734
0.6816827654838562
0.4917660355567932
0.7025722861289978
0.5312659740447998
0.7167598009109497
0.4967946410179138
0.7095457315444946
0.5228821039199829
0.7101709842681885
0.4787895679473877
0.7603729963302612
0.5353458523750305
0.757800817489624
0.46463561058044434
0.8222734332084656
0.546654999256134
0.8170559406280518
0.0
0.0
0.0
0.0
0.0
0.0
0.0
0.0
0.5413585305213928
0.5883364081382751
0.5206270217895508
0.6207845211029053
0.547965407371521
0.6236574649810791
0.5076530575752258
0.661687433719635
0.552985429763794
0.667997419834137
0.5142248272895813
0.6673222184181213
0.0
0.0
0.5167481899261475
0.7025752663612366
0.5396345853805542
0.7036279439926147
0.5007377862930298
0.7526375651359558
0.5506636500358582
0.7558738589286804
0.47621336579322815
0.8099096417427063
0.5524657964706421
0.8135184645652771
0.0
0.0
0.0
0.0
0.0
0.0
0.5429707169532776
0.5794619917869568
0.5546880960464478
0.5817746520042419
0.5336877107620239
0.6091310977935791
0.5575462579727173
0.6141462326049805
0.5184211134910583
0.643842339515686
0.0
0.0
0.0
0.0
0.0
0.0
0.5286173224449158
0.6881914734840393
0.546630859375
0.6905091404914856
0.5224595069885254
0.7491406798362732
0.5506163835525513
0.7545086145401001
0.5074269771575928
0.8063452839851379
0.5512540936470032
0.811502993106842
0.0
0.0
0.0
0.0
0.0
0.0
0.0
0.0
0.5799319744110107
0.5859752297401428
0.5534540414810181
0.6087226271629333
0.5817417502403259
0.626200258731842
0.5367192029953003
0.6354707479476929
0.5870095491409302
0.6834282875061035
0.5448920726776123
0.6155746579170227
0.5977910161018372
0.719444215297699
0.5505272150039673
0.7012608647346497
0.5688679814338684
0.7119014263153076
0.5530804991722107
0.7538144588470459
0.566718578338623
0.7824016213417053
0.5370950698852539
0.8081647157669067
0.5606467127799988
0.8587117791175842
0.0
0.0
0.0
0.0
0.0
0.0
0.0
0.0
0.5767865777015686
0.5873587131500244
0.5493220090866089
0.6203672885894775
0.5779057741165161
0.6273255944252014
0.5342180728912354
0.6616807579994202
0.5818361639976501
0.679298460483551
0.538227915763855
0.7022498846054077
0.5928071141242981
0.7142689228057861
0.5462020635604858
0.7041335105895996
0.5651142001152039
0.7061554193496704
0.5453700423240662
0.7755683660507202
0.5644856691360474
0.7759605646133423
0.5341518521308899
0.8435273170471191
0.5559966564178467
0.8404525518417358
0.0
0.0
0.0
0.0
0.0
0.0
0.0
0.0
0.5638700127601624
0.6000145673751831
0.5364222526550293
0.6231381893157959
0.568938136100769
0.6320653557777405
0.5202588438987732
0.6615487933158875
0.5726842880249023
0.6754735708236694
0.5142360925674438
0.696013331413269
0.0
0.0
0.5337684154510498
0.7106008529663086
0.5562947392463684
0.7155607342720032
0.5196173191070557
0.7728135585784912
0.5504001379013062
0.7883635759353638
0.5039952397346497
0.8356841802597046
0.5426840782165527
0.860626220703125
0.0
0.0
0.0
0.0
0.0
0.0
0.0
0.0
0.5548727512359619
0.5853671431541443
0.5286446809768677
0.6076674461364746
0.5574266910552979
0.6213135719299316
0.5104348659515381
0.6364243626594543
0.5619491338729858
0.6645878553390503
0.5037949085235596
0.6760703325271606
0.559171199798584
0.683962345123291
0.5229207277297974
0.6944240927696228
0.5427035689353943
0.6997873187065125
0.5158249139785767
0.7621582746505737
0.5438957214355469
0.7697860598564148
0.5025428533554077
0.8282211422920227
0.5372180938720703
0.8335130214691162
0.0
0.0
0.0
0.0
0.0
0.0
0.0
0.0
0.5535518527030945
0.5684025287628174
0.5235839486122131
0.5885161757469177
0.55760657787323
0.5958897471427917
0.5070400238037109
0.6241885423660278
0.5618664026260376
0.6335906386375427
0.5026171803474426
0.6639534831047058
0.0
0.0
0.519518256187439
0.6787463426589966
0.5432190895080566
0.6821236610412598
0.5121133923530579
0.7423537969589233
0.548688530921936
0.7475499510765076
0.5018105506896973
0.8099150657653809
0.536389946937561
0.814258337020874
0.0
0.0
0.0
0.0
0.0
0.0
0.5400760173797607
0.5640744566917419
0.5528672933578491
0.5684882998466492
0.526309609413147
0.5901868939399719
0.5561501383781433
0.6006938219070435
0.5082516074180603
0.6252793669700623
0.5602872371673584
0.6415220499038696
0.5041773319244385
0.6653777956962585
0.5575989484786987
0.674091637134552
0.5209423899650574
0.6771734952926636
0.5433594584465027
0.6824350953102112
0.5103541612625122
0.738114595413208
0.5529557466506958
0.7490286231040955
0.4950893521308899
0.8022876381874084
0.5531913638114929
0.8147294521331787
0.0
0.0
0.0
0.0
0.0
0.0
0.5381466150283813
0.5848343372344971
0.5539919137954712
0.5877286791801453
0.5266247987747192
0.6084710955619812
0.5565770864486694
0.6217856407165527
0.5059272050857544
0.6333893537521362
0.5566719174385071
0.6675766706466675
0.503121018409729
0.6821250319480896
0.5532848238945007
0.7080802321434021
0.521058201789856
0.6855115294456482
0.5463269352912903
0.6901405453681946
0.5047150254249573
0.7379287481307983
0.5629945993423462
0.7407675981521606
0.48980218172073364
0.8008533120155334
0.5744338631629944
0.7955006957054138
0.0
0.0
0.0
0.0
0.0
0.0
0.5448470711708069
0.5904942750930786
0.5591522455215454
0.5939112305641174
0.533630907535553
0.6191264986991882
0.5600842237472534
0.6270579695701599
0.5154995322227478
0.6497764587402344
0.5627047419548035
0.6718181371688843
0.5215516090393066
0.6651220917701721
0.5672446489334106
0.6944229006767273
0.5223621129989624
0.6942911148071289
0.5449708700180054
0.6968503594398499
0.5094426870346069
0.7428047060966492
0.5676126480102539
0.7429878115653992
0.4858565330505371
0.80424964427948
0.5774471163749695
0.8007444739341736
0.0
0.0
0.0
0.0
0.0
0.0
0.0
0.0
0.5762076377868652
0.5797617435455322
0.5539683103561401
0.6040462255477905
0.5743147134780884
0.6107181310653687
0.535537600517273
0.6360154747962952
0.5784205198287964
0.6544174551963806
0.5425798296928406
0.6531773805618286
0.5959373712539673
0.6765181422233582
0.5443016290664673
0.680743396282196
0.5614012479782104
0.6827089190483093
0.5329686403274536
0.7386234998703003
0.578869104385376
0.7395175695419312
0.5068098306655884
0.7970839738845825
0.5785456895828247
0.7962716221809387
0.0
0.0
0.0
0.0
0.0
0.0
0.0
0.0
0.5912117958068848
0.5734362602233887
0.5684656500816345
0.5936442613601685
0.5888569951057434
0.6005830764770508
0.5504129528999329
0.6218547821044922
0.5903192758560181
0.6312469244003296
0.5515434741973877
0.6568636298179626
0.5934401154518127
0.6548628807067871
0.5623075366020203
0.6695901155471802
0.5772916078567505
0.6736277937889099
0.5590143203735352
0.7253811359405518
0.587620198726654
0.7343626022338867
0.5382968783378601
0.779187023639679
0.5808488130569458
0.7923262119293213
0.0
0.0
0.0
0.0
0.0
0.0
0.6085389852523804
0.6150810718536377
0.6255984306335449
0.6130145788192749
0.5985840559005737
0.6520878076553345
0.631048858165741
0.648694634437561
0.5880240201950073
0.6966432929039001
0.640701413154602
0.7030021548271179
0.593856692314148
0.7134022116661072
0.6529194116592407
0.7416345477104187
0.6020860075950623
0.7421090602874756
0.6269323825836182
0.7395549416542053
0.6072021722793579
0.8136385679244995
0.6521667242050171
0.7990142703056335
0.6023901700973511
0.8845078945159912
0.6676644086837769
0.8617067933082581
0.0
0.0
0.0
0.0
0.0
0.0
0.6016498804092407
0.6148463487625122
0.6193389296531677
0.6125582456588745
0.5937422513961792
0.6535909175872803
0.6263140439987183
0.6501303911209106
0.5834372043609619
0.7006358504295349
0.6358420252799988
0.7006165981292725
0.5890113115310669
0.7330722212791443
0.645321786403656
0.7394030094146729
0.5994280576705933
0.7396858930587769
0.6226600408554077
0.7372974157333374
0.6055389642715454
0.8088818192481995
0.641772449016571
0.799211859703064
0.6046675443649292
0.8780751824378967
0.6528321504592896
0.8626283407211304
0.0
0.0
0.0
0.0
0.0
0.0
0.5788785219192505
0.5988733172416687
0.5949822068214417
0.5983694791793823
0.5710949897766113
0.6338316798210144
0.6006399989128113
0.6333582401275635
0.5689014792442322
0.6755220890045166
0.6071696281433105
0.6808770895004272
0.0
0.0
0.6143565773963928
0.7222253680229187
0.576605498790741
0.7248404622077942
0.5951625108718872
0.7248310446739197
0.5866748094558716
0.7931376695632935
0.5940921306610107
0.7925079464912415
0.5955769419670105
0.855866551399231
0.5886423587799072
0.8582289218902588
0.0
0.0
0.0
0.0
0.0
0.0
0.5650467872619629
0.5941555500030518
0.5806969404220581
0.5962583422660828
0.5553162097930908
0.6252331137657166
0.5872948169708252
0.6306736469268799
0.5478788614273071
0.6658066511154175
0.5926581621170044
0.6803147792816162
0.0
0.0
0.5936394929885864
0.7217314839363098
0.5569152235984802
0.7097575664520264
0.5772092342376709
0.7122606635093689
0.5605779886245728
0.7781903743743896
0.5690425634384155
0.7800160050392151
0.5707542896270752
0.8381116986274719
0.5658437013626099
0.8420267701148987
0.0
0.0
0.0
0.0
0.0
0.0
0.5512322187423706
0.5782366991043091
0.5659201145172119
0.5816246867179871
0.539733350276947
0.6111603379249573
0.5722869634628296
0.6170569062232971
0.5310302376747131
0.6576691269874573
0.5771031379699707
0.6687744855880737
0.5345786809921265
0.6709664463996887
0.5752013921737671
0.695451021194458
0.5408083200454712
0.7013010382652283
0.5626162886619568
0.7043125629425049
0.5373328924179077
0.7655525207519531
0.5569672584533691
0.7718046307563782
0.5439809560775757
0.8276212811470032
0.5552768111228943
0.8375149369239807
0.0
0.0
0.0
0.0
0.0
0.0
0.5396217703819275
0.5711075067520142
0.5544198751449585
0.5731136798858643
0.5309585332870483
0.602757453918457
0.5607367157936096
0.6075192093849182
0.5211426019668579
0.6460955142974854
0.5655908584594727
0.6539601683616638
0.5219204425811768
0.6760106682777405
0.5618666410446167
0.6820749044418335
0.531018853187561
0.6898492574691772
0.5530662536621094
0.6918553113937378
0.5203607082366943
0.7618871331214905
0.5525819063186646
0.7655857801437378
0.5154756307601929
0.8340957760810852
0.5559206604957581
0.8387205600738525
0.0
0.0
0.0
0.0
0.0
0.0
0.5233443975448608
0.5781799554824829
0.5387355089187622
0.5803811550140381
0.516718864440918
0.6097864508628845
0.5454026460647583
0.6168225407600403
0.5062705278396606
0.6531305909156799
0.5511778593063354
0.6617592573165894
0.4985763132572174
0.6907667517662048
0.5451579093933105
0.6850718259811401
0.5137072801589966
0.6956086158752441
0.5371338725090027
0.6990844011306763
0.4993397295475006
0.7561222314834595
0.5476600527763367
0.7651001214981079
0.4787517488002777
0.8219393491744995
0.5543731451034546
0.8318964838981628
0.0
0.0
0.0
0.0
0.0
0.0
0.5166224241256714
0.5977428555488586
0.5315955281257629
0.5998327136039734
0.509306788444519
0.6296954154968262
0.5385971665382385
0.6357529759407043
0.49675822257995605
0.6721747517585754
0.5407869219779968
0.6826668381690979
0.48622116446495056
0.7101711630821228
0.534127950668335
0.7071011662483215
0.5032516121864319
0.7146070599555969
0.52836012840271
0.7159706354141235
0.48620137572288513
0.7675074934959412
0.5423513054847717
0.7693561911582947
0.4618069529533386
0.8333641290664673
0.5507099032402039
0.8312584757804871
0.0
0.0
0.0
0.0
0.0
0.0
0.0
0.0
0.5320842862129211
0.6154448390007019
0.5066727995872498
0.6422709226608276
0.5350164175033569
0.6476831436157227
0.49484458565711975
0.6828271746635437
0.5366531014442444
0.6962372660636902
0.49248725175857544
0.7110069990158081
0.5417066812515259
0.7190115451812744
0.4954342842102051
0.7237272262573242
0.5193895697593689
0.7244291305541992
0.48577386140823364
0.7755447626113892
0.5395641922950745
0.7716343998908997
0.46017441153526306
0.8372284770011902
0.542934775352478
0.8276246190071106
0.0
0.0
0.0
0.0
0.0
0.0
0.0
0.0
0.5412837862968445
0.6063934564590454
0.5164019465446472
0.629483163356781
0.5428167581558228
0.6398255228996277
0.5069552063941956
0.6644549369812012
0.5416414141654968
0.6840553879737854
0.0
0.0
0.0
0.0
0.5027623772621155
0.7116565108299255
0.5264411568641663
0.7156165838241577
0.4900215268135071
0.7670688033103943
0.5448058843612671
0.7713534235954285
0.46360549330711365
0.8316343426704407
0.550698459148407
0.8337736129760742
0.0
0.0
0.0
0.0
0.0
0.0
0.0
0.0
0.5514534711837769
0.5815012454986572
0.5296167135238647
0.606753945350647
0.5519916415214539
0.6157302260398865
0.0
0.0
0.5560774803161621
0.665153980255127
0.0
0.0
0.561224639415741
0.7087119817733765
0.5160142779350281
0.6907094120979309
0.5356470346450806
0.6956495642662048
0.5085614919662476
0.7512232661247253
0.5531697273254395
0.7625706791877747
0.4829850196838379
0.810185432434082
0.5523027181625366
0.8288156986236572
0.0
0.0
0.0
0.0
0.0
0.0
0.0
0.0
0.55904620885849
0.5774603486061096
0.5334370732307434
0.6002224087715149
0.5594462156295776
0.6122421622276306
0.5347079634666443
0.6438456773757935
0.5650380849838257
0.6693264245986938
0.0
0.0
0.5741503238677979
0.7216871380805969
0.5219135284423828
0.6894115209579468
0.5430246591567993
0.6954246759414673
0.5168908834457397
0.7552428245544434
0.5555290579795837
0.7643757462501526
0.4949497580528259
0.8148811459541321
0.5543906092643738
0.8273218870162964
0.0
0.0
0.0
0.0
0.0
0.0
0.0
0.0
0.5671592950820923
0.5812817811965942
0.542030930519104
0.6057438850402832
0.5669403672218323
0.6173468828201294
0.5286865234375
0.6408740282058716
0.5692674517631531
0.6713666915893555
0.5356194376945496
0.6546094417572021
0.5787066221237183
0.7146087884902954
0.537196159362793
0.6930190920829773
0.5568069219589233
0.6989052891731262
0.5271598696708679
0.7552542686462402
0.5695131421089172
0.7650277614593506
0.5044652819633484
0.8194320797920227
0.574820876121521
0.8341290950775146
0.0
0.0
0.0
0.0
0.0
0.0
0.0
0.0
0.5679143667221069
0.5803986191749573
0.5424286127090454
0.605590283870697
0.5687714219093323
0.6160410642623901
0.5298608541488647
0.6411814093589783
0.5724164247512817
0.67000412940979
0.5385041832923889
0.641546905040741
0.583294689655304
0.7139495611190796
0.5379466414451599
0.6943016648292542
0.5592835545539856
0.7001950740814209
0.5302270650863647
0.7588348388671875
0.5742459297180176
0.7656830549240112
0.5078085660934448
0.8232402205467224
0.5765978097915649
0.8365029096603394
0.0
0.0
0.0
0.0
0.0
0.0
0.0
0.0
0.5974762439727783
0.577934205532074
0.5694347023963928
0.5994294285774231
0.5937297940254211
0.6152472496032715
0.5506340265274048
0.635457456111908
0.5956992506980896
0.6761990189552307
0.5532729029655457
0.6649619936943054
0.614582896232605
0.7082515954971313
0.5590199828147888
0.6870177388191223
0.5769116878509521
0.6936275959014893
0.5589234828948975
0.7435536980628967
0.5956777334213257
0.7483333945274353
0.5459918975830078
0.8123458027839661
0.5865609049797058
0.8142448663711548
0.0
0.0
0.0
0.0
0.0
0.0
0.0
0.0
0.6095662117004395
0.5910573601722717
0.5766220688819885
0.6019961833953857
0.6014318466186523
0.6199652552604675
0.5608482360839844
0.6349093317985535
0.6005922555923462
0.6842703819274902
0.0
0.0
0.6251718401908875
0.7055162787437439
0.5628560185432434
0.6981159448623657
0.5831238031387329
0.7035068869590759
0.5651989579200745
0.7500603795051575
0.6131691932678223
0.7387095093727112
0.5541561841964722
0.8363028764724731
0.6092802286148071
0.8058522343635559
0.0
0.0
0.0
0.0
0.0
0.0
0.0
0.0
0.6307567358016968
0.619175910949707
0.6012104749679565
0.6139078140258789
0.6190455555915833
0.6452093124389648
0.5719996690750122
0.647548258304596
0.617210865020752
0.7034984230995178
0.5695837736129761
0.6697582006454468
0.6410919427871704
0.7137047648429871
0.5857310891151428
0.7005599141120911
0.5893225073814392
0.7168235778808594
0.6247352361679077
0.7391085028648376
0.5786556005477905
0.7661520838737488
0.6387391090393066
0.7986761331558228
0.5634450912475586
0.8294095993041992
0.0
0.0
0.0
0.0
0.0
0.0
0.0
0.0
0.6429115533828735
0.639955997467041
0.615788996219635
0.6299039721488953
0.6317841410636902
0.6609674096107483
0.587070643901825
0.6405757069587708
0.6312152147293091
0.713543176651001
0.5694600343704224
0.6684401631355286
0.647601842880249
0.7269135117530823
0.5884915590286255
0.7091424465179443
0.6023653149604797
0.7198688983917236
0.5854151844978333
0.764573335647583
0.6278055906295776
0.7674715518951416
0.5583899021148682
0.8208891153335571
0.6469260454177856
0.8055061101913452
0.0
0.0
0.0
0.0
0.0
0.0
0.0
0.0
0.6594725251197815
0.6511420011520386
0.6301229000091553
0.6439656615257263
0.652152419090271
0.6703958511352539
0.6030797958374023
0.6641262769699097
0.6591321229934692
0.7204200625419617
0.5875107645988464
0.6825987696647644
0.6684633493423462
0.7265309691429138
0.6001724004745483
0.7143909931182861
0.6185401678085327
0.724235475063324
0.5943480134010315
0.7599414587020874
0.6448935270309448
0.7649160027503967
0.5635178089141846
0.8152415156364441
0.6514098048210144
0.8076155185699463
0.0
0.0
0.0
0.0
0.0
0.0
0.0
0.0
0.6604005098342896
0.6482515931129456
0.6307445764541626
0.6409688591957092
0.6527202129364014
0.6662093997001648
0.6054264307022095
0.6700208187103271
0.655302882194519
0.7176141738891602
0.5991916060447693
0.6928315758705139
0.658367931842804
0.7238684892654419
0.6025246381759644
0.707394003868103
0.6195254325866699
0.716526448726654
0.6040912866592407
0.7487839460372925
0.641790509223938
0.7546586990356445
0.5834649205207825
0.7999687194824219
0.6511698365211487
0.7965600490570068
0.0
0.0
0.0
0.0
0.0
0.0
0.0
0.0
0.6456774473190308
0.619820237159729
0.6219218969345093
0.6347963809967041
0.6419436931610107
0.6482897996902466
0.603949248790741
0.6617792844772339
0.6426991820335388
0.6849690675735474
0.5996142029762268
0.6789821982383728
0.6383548974990845
0.7060175538063049
0.6032602787017822
0.70793217420578
0.6213598251342773
0.715131402015686
0.5908880829811096
0.7545567154884338
0.6420244574546814
0.7703381776809692
0.5555328130722046
0.8016335964202881
0.6495956182479858
0.8228824138641357
0.0
0.0
0.0
0.0
0.0
0.0
0.6157476902008057
0.5993165969848633
0.6295256614685059
0.6016595959663391
0.6074081659317017
0.6262534856796265
0.6307348608970642
0.632025957107544
0.590556263923645
0.6605055928230286
0.6372028589248657
0.6731460094451904
0.5852195620536804
0.6785433292388916
0.6305172443389893
0.6891738176345825
0.5971346497535706
0.7027491331100464
0.6185736656188965
0.7042878270149231
0.584712028503418
0.7531492710113525
0.642522931098938
0.7530075907707214
0.5580321550369263
0.8059552311897278
0.6604039072990417
0.8019380569458008
0.0
0.0
0.0
0.0
0.0
0.0
0.5912991762161255
0.5811816453933716
0.606106162071228
0.5798524618148804
0.5850732922554016
0.6161264181137085
0.6117180585861206
0.615545928478241
0.571209192276001
0.6580933332443237
0.6201979517936707
0.6664072871208191
0.5686993598937988
0.6818498969078064
0.6288896203041077
0.6931458115577698
0.5824826955795288
0.7001814842224121
0.6048368215560913
0.6973931193351746
0.5720475316047668
0.7590302228927612
0.6264622807502747
0.7467164993286133
0.5564485788345337
0.8193455338478088
0.6494863033294678
0.7955559492111206
0.0
0.0
0.0
0.0
0.0
0.0
0.5783941745758057
0.5758336782455444
0.5919315814971924
0.5744084119796753
0.5710201859474182
0.6096303462982178
0.5986577272415161
0.6086985468864441
0.5627138614654541
0.6497060060501099
0.6091298460960388
0.6540299654006958
0.5651965737342834
0.6850945353507996
0.6194363832473755
0.6781178712844849
0.57200026512146
0.6933413147926331
0.5949163436889648
0.6915827989578247
0.5639787316322327
0.752746045589447
0.6187923550605774
0.7415326237678528
0.552702784538269
0.8168920874595642
0.636317253112793
0.7935131788253784
0.0
0.0
0.0
0.0
0.0
0.0
0.5666166543960571
0.5608330965042114
0.5821513533592224
0.5609059929847717
0.5579138994216919
0.5941842198371887
0.5860813856124878
0.5952765345573425
0.5516409277915955
0.6379559636116028
0.5939639210700989
0.6471762657165527
0.5539464354515076
0.671650230884552
0.6058679819107056
0.6843332052230835
0.561691164970398
0.6815693974494934
0.5835896134376526
0.680666446685791
0.5553184151649475
0.7483265399932861
0.598674476146698
0.7406043410301208
0.5495872497558594
0.8181182146072388
0.6043983697891235
0.8055036067962646
0.0
0.0
0.0
0.0
0.0
0.0
0.0
0.0
0.5797629952430725
0.5538896918296814
0.5560613870620728
0.5865865349769592
0.5839816331863403
0.5893359780311584
0.5492729544639587
0.6359772086143494
0.5889741778373718
0.6413060426712036
0.5511399507522583
0.6702660918235779
0.5969418287277222
0.6804388165473938
0.5575650930404663
0.6753548979759216
0.578173816204071
0.6764261722564697
0.556538999080658
0.7465340495109558
0.587673544883728
0.7464962601661682
0.5522040128707886
0.81624436378479
0.5884066820144653
0.8184804916381836
0.0
0.0
0.0
0.0
0.0
0.0
0.0
0.0
0.5857061147689819
0.5624248385429382
0.5603188276290894
0.5912778377532959
0.5888379812240601
0.598966121673584
0.5508372187614441
0.6351261734962463
0.5935552716255188
0.6484057903289795
0.0
0.0
0.5964446663856506
0.6863675713539124
0.5599927306175232
0.681790828704834
0.5799821615219116
0.6859911680221558
0.5581656098365784
0.7533156275749207
0.5820268988609314
0.7593284845352173
0.5528062582015991
0.8213297724723816
0.5771568417549133
0.8298749923706055
