Player 1 position: [[          0           0]
 [          0           0]
 [          0           0]
 [     0.4914     0.54967]
 [    0.50608     0.55045]
 [    0.48526     0.58368]
 [    0.51546     0.58685]
 [    0.47601     0.63009]
 [    0.52261     0.63652]
 [    0.47657     0.64999]
 [    0.52009     0.66572]
 [    0.48758      0.6686]
 [     0.5078     0.66924]
 [    0.48073     0.73666]
 [    0.49937     0.74184]
 [    0.47716     0.80579]
 [    0.49024     0.81452]]
Player 2 position: [[          0           0]
 [          0           0]
 [          0           0]
 [    0.38347     0.53361]
 [          0           0]
 [    0.38421     0.54898]
 [    0.40288     0.54879]
 [    0.37063     0.58025]
 [          0           0]
 [    0.35516     0.59047]
 [          0           0]
 [    0.39812     0.60628]
 [    0.41422     0.60926]
 [    0.37161     0.63769]
 [    0.41452     0.65898]
 [    0.37674     0.67518]
 [    0.43122     0.71367]]
Ball position: [233, 235]Player 1 position: [[          0           0]
 [          0           0]
 [          0           0]
 [     0.4851     0.54145]
 [    0.49947     0.54024]
 [    0.48012     0.57668]
 [    0.51055     0.57499]
 [    0.47196     0.62207]
 [    0.52028     0.62246]
 [    0.47645     0.63978]
 [    0.51987     0.65043]
 [    0.48417     0.66017]
 [    0.50571     0.65821]
 [    0.47705     0.72679]
 [    0.50589     0.72655]
 [     0.4656     0.79147]
 [    0.49732     0.79346]]
Player 2 position: [[          0           0]
 [          0           0]
 [          0           0]
 [    0.37109     0.53654]
 [          0           0]
 [    0.37467     0.55226]
 [    0.38736     0.55941]
 [     0.3723      0.5801]
 [          0           0]
 [    0.36117     0.60297]
 [          0           0]
 [    0.38837     0.60548]
 [    0.40044     0.61106]
 [    0.37344     0.63984]
 [    0.40514     0.65874]
 [    0.37347     0.67632]
 [    0.42008     0.70405]]
Ball position: [217, 219]Player 1 position: [[          0           0]
 [          0           0]
 [          0           0]
 [    0.48424     0.54428]
 [    0.49825     0.54487]
 [    0.47743     0.57765]
 [    0.50582     0.58174]
 [    0.46579     0.61513]
 [    0.51295     0.63074]
 [     0.4738      0.6308]
 [    0.51559     0.66415]
 [    0.47687     0.65564]
 [    0.49941     0.65707]
 [    0.46865     0.71183]
 [    0.51534     0.71702]
 [    0.45321     0.77323]
 [     0.5203     0.78153]]
Player 2 position: [[          0           0]
 [          0           0]
 [          0           0]
 [    0.37109     0.53654]
 [          0           0]
 [    0.37467     0.55226]
 [    0.38736     0.55941]
 [     0.3723      0.5801]
 [          0           0]
 [    0.36117     0.60297]
 [          0           0]
 [    0.38837     0.60548]
 [    0.40044     0.61106]
 [    0.37344     0.63984]
 [    0.40514     0.65874]
 [    0.37347     0.67632]
 [    0.42008     0.70405]]
Ball position: [235, 161]Player 1 position: [[          0           0]
 [          0           0]
 [          0           0]
 [    0.48566     0.56383]
 [     0.5014     0.56677]
 [    0.47515       0.594]
 [    0.50518     0.60125]
 [    0.46025     0.63509]
 [    0.51019     0.65045]
 [    0.46806     0.65859]
 [    0.51772      0.6818]
 [    0.47223      0.6746]
 [      0.497     0.67915]
 [    0.46218     0.71622]
 [    0.52004     0.72475]
 [    0.44597     0.76644]
 [     0.5338     0.77609]]
Player 2 position: [[          0           0]
 [          0           0]
 [          0           0]
 [    0.37109     0.53654]
 [          0           0]
 [    0.37467     0.55226]
 [    0.38736     0.55941]
 [     0.3723      0.5801]
 [          0           0]
 [    0.36117     0.60297]
 [          0           0]
 [    0.38837     0.60548]
 [    0.40044     0.61106]
 [    0.37344     0.63984]
 [    0.40514     0.65874]
 [    0.37347     0.67632]
 [    0.42008     0.70405]]
Ball position: [256, 108]Player 1 position: [[          0           0]
 [          0           0]
 [          0           0]
 [    0.49518       0.574]
 [    0.50904     0.57864]
 [    0.48582     0.59991]
 [    0.51185     0.61218]
 [    0.47204     0.63947]
 [    0.51306     0.66213]
 [    0.47202     0.66553]
 [    0.51675     0.68616]
 [    0.47761      0.6752]
 [    0.50024     0.68109]
 [    0.46796     0.71537]
 [    0.52211     0.72382]
 [    0.44781     0.76367]
 [    0.53427     0.77182]]
Player 2 position: [[          0           0]
 [          0           0]
 [          0           0]
 [    0.37109     0.53654]
 [          0           0]
 [    0.37467     0.55226]
 [    0.38736     0.55941]
 [     0.3723      0.5801]
 [          0           0]
 [    0.36117     0.60297]
 [          0           0]
 [    0.38837     0.60548]
 [    0.40044     0.61106]
 [    0.37344     0.63984]
 [    0.40514     0.65874]
 [    0.37347     0.67632]
 [    0.42008     0.70405]]
Ball position: [265, 86]Player 1 position: [[          0           0]
 [          0           0]
 [          0           0]
 [    0.50543     0.56779]
 [    0.52031     0.57141]
 [     0.4949     0.59442]
 [    0.52356     0.60416]
 [    0.48362     0.63519]
 [    0.52486     0.65787]
 [          0           0]
 [    0.53094     0.69894]
 [    0.48529     0.67082]
 [    0.50983     0.67511]
 [    0.47529     0.70738]
 [    0.53307     0.71363]
 [    0.45292     0.76067]
 [    0.53595     0.76815]]
Player 2 position: [[          0           0]
 [          0           0]
 [          0           0]
 [    0.37109     0.53654]
 [          0           0]
 [    0.37467     0.55226]
 [    0.38736     0.55941]
 [     0.3723      0.5801]
 [          0           0]
 [    0.36117     0.60297]
 [          0           0]
 [    0.38837     0.60548]
 [    0.40044     0.61106]
 [    0.37344     0.63984]
 [    0.40514     0.65874]
 [    0.37347     0.67632]
 [    0.42008     0.70405]]
Ball position: [283, 50]Player 1 position: [[          0           0]
 [          0           0]
 [          0           0]
 [    0.52484     0.55273]
 [    0.53791     0.55654]
 [    0.51612     0.58003]
 [    0.54098      0.5905]
 [    0.50526     0.62048]
 [     0.5441     0.63699]
 [          0           0]
 [    0.54477      0.6663]
 [    0.50877     0.65493]
 [    0.52929     0.66075]
 [    0.49795      0.7031]
 [    0.54098     0.71672]
 [    0.47012     0.75101]
 [    0.53733     0.77118]]
Player 2 position: [[          0           0]
 [          0           0]
 [          0           0]
 [    0.36886     0.48736]
 [     0.3816     0.48672]
 [     0.3649     0.51204]
 [    0.39084     0.51116]
 [    0.35992     0.54991]
 [    0.40362     0.53754]
 [    0.35603     0.58145]
 [     0.4045     0.55959]
 [    0.37111     0.57409]
 [    0.38943     0.57514]
 [    0.36493     0.61127]
 [    0.39387     0.62003]
 [    0.36334      0.6511]
 [    0.39499     0.66692]]
Ball position: [291, 40]Player 1 position: [[          0           0]
 [          0           0]
 [          0           0]
 [    0.53723     0.53558]
 [    0.55164     0.53969]
 [    0.52696      0.5647]
 [    0.55032     0.57545]
 [    0.51565     0.59783]
 [    0.55019     0.62372]
 [          0           0]
 [    0.55702     0.65492]
 [    0.52202     0.64722]
 [    0.53877     0.65274]
 [    0.51816     0.69957]
 [    0.54407     0.71138]
 [    0.50585     0.75218]
 [    0.53728     0.76952]]
Player 2 position: [[          0           0]
 [          0           0]
 [          0           0]
 [    0.37706     0.47669]
 [    0.38846     0.47588]
 [    0.37405     0.50262]
 [    0.39724     0.50097]
 [    0.36742      0.5367]
 [    0.41085     0.52847]
 [    0.36518     0.54516]
 [    0.40962       0.549]
 [    0.37893     0.56426]
 [    0.39515     0.56502]
 [    0.37119     0.60722]
 [    0.39587     0.61757]
 [    0.36325     0.64449]
 [    0.39471     0.66805]]
Ball position: [291, 40]Player 1 position: [[          0           0]
 [          0           0]
 [          0           0]
 [          0           0]
 [    0.56097      0.5324]
 [    0.53929     0.55363]
 [    0.55938     0.56364]
 [          0           0]
 [     0.5593     0.60311]
 [          0           0]
 [     0.5665     0.60656]
 [     0.5375     0.63178]
 [     0.5501     0.63645]
 [    0.54589     0.69879]
 [    0.55294     0.70215]
 [    0.54417     0.75723]
 [    0.54193     0.75801]]
Player 2 position: [[          0           0]
 [          0           0]
 [          0           0]
 [    0.38699     0.46824]
 [    0.39874     0.46739]
 [    0.38184      0.4943]
 [    0.40791     0.49243]
 [    0.37213     0.52693]
 [    0.41811      0.5248]
 [    0.37368      0.5324]
 [    0.41936     0.54111]
 [    0.38735     0.56258]
 [    0.40401     0.56103]
 [    0.38374     0.61353]
 [    0.39947     0.61353]
 [    0.38284      0.6601]
 [    0.39392      0.6633]]
Ball position: [291, 40]Player 1 position: [[          0           0]
 [          0           0]
 [          0           0]
 [          0           0]
 [    0.56956     0.53731]
 [    0.55122     0.56011]
 [    0.56585     0.56905]
 [          0           0]
 [    0.56551     0.61834]
 [          0           0]
 [    0.58584     0.65202]
 [    0.55211     0.64033]
 [    0.56111     0.64661]
 [    0.57168     0.70041]
 [    0.57233     0.70839]
 [    0.56882     0.75861]
 [    0.56143     0.77025]]
Player 2 position: [[          0           0]
 [          0           0]
 [          0           0]
 [          0           0]
 [    0.40313     0.46541]
 [    0.38517     0.49117]
 [    0.41103     0.48979]
 [    0.37621     0.52052]
 [     0.4202     0.52416]
 [    0.38316     0.52801]
 [    0.42169      0.5466]
 [     0.3909     0.55972]
 [     0.4072     0.55759]
 [     0.3904     0.61706]
 [     0.4026     0.60897]
 [    0.39366     0.66788]
 [    0.39859     0.65693]]
Ball position: [291, 40]Player 1 position: [[          0           0]
 [          0           0]
 [          0           0]
 [          0           0]
 [    0.58156     0.56177]
 [    0.56719     0.58256]
 [    0.57767     0.59637]
 [    0.58076     0.60743]
 [    0.58016     0.64314]
 [    0.59557     0.59888]
 [    0.59704     0.66627]
 [    0.56578      0.6617]
 [    0.57437     0.67158]
 [    0.58416     0.71138]
 [      0.598     0.72929]
 [     0.5685     0.76714]
 [    0.58722      0.7959]]
Player 2 position: [[          0           0]
 [          0           0]
 [          0           0]
 [          0           0]
 [    0.41191     0.47542]
 [     0.3938     0.50092]
 [    0.41791     0.50477]
 [    0.38312     0.52526]
 [    0.42682     0.53727]
 [    0.39255     0.53348]
 [    0.42832     0.55068]
 [    0.39804     0.56934]
 [     0.4139     0.57087]
 [    0.39954     0.62729]
 [    0.41491     0.62636]
 [    0.39818     0.68209]
 [    0.41409     0.67947]]
Ball position: [291, 40]Player 1 position: [[          0           0]
 [          0           0]
 [          0           0]
 [          0           0]
 [    0.58845     0.57169]
 [    0.57698     0.59118]
 [    0.58678     0.61088]
 [    0.59438     0.59699]
 [    0.58981     0.64834]
 [    0.60834     0.59067]
 [    0.60226     0.67467]
 [    0.57492     0.67146]
 [    0.58471     0.68418]
 [    0.58597      0.7195]
 [    0.60927     0.74464]
 [    0.56706     0.77395]
 [    0.60648     0.81047]]
Player 2 position: [[          0           0]
 [          0           0]
 [          0           0]
 [          0           0]
 [    0.41737     0.48059]
 [    0.39941     0.50501]
 [    0.42394     0.50943]
 [    0.38773     0.52794]
 [    0.43374     0.54511]
 [     0.3931       0.531]
 [    0.43924     0.56505]
 [    0.40269     0.57263]
 [    0.42005     0.57431]
 [    0.40212      0.6296]
 [    0.42734     0.62639]
 [    0.39632     0.68609]
 [    0.43124     0.68006]]
Ball position: [291, 40]Player 1 position: [[    0.60346     0.56475]
 [          0           0]
 [    0.59988     0.56497]
 [          0           0]
 [    0.59661     0.58025]
 [    0.59629     0.58356]
 [    0.59847     0.61891]
 [    0.61249     0.57061]
 [    0.60188     0.65042]
 [    0.62324     0.56391]
 [    0.61145     0.67142]
 [    0.59422     0.66988]
 [    0.59936     0.68931]
 [    0.59065     0.71957]
 [    0.61761     0.75882]
 [    0.56727      0.7705]
 [    0.61486     0.82305]]
Player 2 position: [[          0           0]
 [          0           0]
 [          0           0]
 [          0           0]
 [    0.42984     0.48449]
 [    0.41214     0.50501]
 [    0.43829     0.51515]
 [    0.40257     0.53431]
 [    0.44734     0.55375]
 [    0.41104     0.53672]
 [    0.45087     0.57091]
 [    0.41487     0.57364]
 [    0.43434     0.57939]
 [    0.41119     0.63148]
 [    0.44024     0.64329]
 [     0.3994     0.68687]
 [    0.44369     0.70654]]
Ball position: [291, 40]Player 1 position: [[          0           0]
 [          0           0]
 [          0           0]
 [          0           0]
 [    0.61077     0.58724]
 [    0.59901     0.60451]
 [    0.61337     0.62136]
 [     0.6044     0.56505]
 [     0.6196     0.58967]
 [    0.61199     0.54442]
 [    0.61981     0.56035]
 [    0.59652     0.68389]
 [    0.60816     0.69423]
 [    0.59182     0.73596]
 [    0.62157     0.76227]
 [     0.5615     0.79293]
 [    0.61697     0.82985]]
Player 2 position: [[          0           0]
 [          0           0]
 [          0           0]
 [          0           0]
 [    0.43812      0.4885]
 [    0.42142     0.51277]
 [    0.44426     0.51884]
 [    0.40882     0.53554]
 [    0.45225     0.55535]
 [    0.41206      0.5317]
 [    0.46055      0.5801]
 [     0.4252     0.58363]
 [    0.44113      0.5868]
 [    0.42084     0.64511]
 [     0.4437     0.64863]
 [    0.41038     0.70216]
 [    0.44225     0.70943]]
Ball position: [394, 77]Player 1 position: [[     0.6134      0.5614]
 [          0           0]
 [    0.60971     0.55819]
 [          0           0]
 [    0.60435     0.56837]
 [    0.61261      0.5921]
 [    0.60704     0.60134]
 [    0.62802     0.62253]
 [    0.61465     0.63199]
 [          0           0]
 [    0.62551     0.61941]
 [    0.62025     0.68184]
 [    0.61718     0.68724]
 [    0.61443     0.74607]
 [    0.61688     0.75922]
 [    0.58962     0.80395]
 [    0.60235     0.82514]]
Player 2 position: [[          0           0]
 [          0           0]
 [          0           0]
 [          0           0]
 [    0.44873     0.48955]
 [    0.42942     0.51476]
 [    0.45201     0.51905]
 [    0.41756     0.53812]
 [    0.45749     0.55806]
 [    0.42431     0.52936]
 [    0.46626     0.58589]
 [    0.43435     0.58308]
 [    0.44837      0.5858]
 [    0.43868     0.64498]
 [    0.45012     0.64751]
 [    0.44055     0.69996]
 [    0.44526     0.70705]]
Ball position: [417, 113]Player 1 position: [[    0.61467      0.5525]
 [          0           0]
 [    0.61043     0.55001]
 [          0           0]
 [    0.60386     0.56325]
 [     0.6199     0.59113]
 [    0.60783     0.59509]
 [    0.63735     0.59538]
 [    0.62833      0.6003]
 [    0.64511     0.58334]
 [    0.64183     0.57957]
 [    0.62704     0.68191]
 [     0.6165     0.68298]
 [    0.63037     0.75252]
 [    0.61411     0.75121]
 [    0.61498     0.82173]
 [    0.59346     0.81774]]
Player 2 position: [[          0           0]
 [          0           0]
 [          0           0]
 [          0           0]
 [    0.45178     0.49308]
 [    0.43333     0.51882]
 [    0.45641     0.52182]
 [    0.42511     0.54287]
 [    0.46226     0.56145]
 [    0.43009      0.5437]
 [    0.47319     0.58835]
 [    0.44148     0.59171]
 [    0.45565     0.59266]
 [    0.44647      0.6529]
 [    0.45835     0.64898]
 [    0.45195     0.70766]
 [    0.45169      0.7034]]
Ball position: [433, 146]Player 1 position: [[     0.6203      0.5585]
 [          0           0]
 [    0.61682     0.55779]
 [          0           0]
 [    0.61427     0.57244]
 [    0.60458     0.60545]
 [    0.62702     0.59898]
 [          0           0]
 [    0.65116     0.57663]
 [          0           0]
 [    0.67011      0.5406]
 [    0.61661     0.68807]
 [    0.63371     0.68822]
 [    0.60852     0.75294]
 [    0.64658     0.76116]
 [    0.58819     0.81616]
 [    0.64524     0.83698]]
Player 2 position: [[          0           0]
 [          0           0]
 [          0           0]
 [          0           0]
 [    0.46186     0.50215]
 [    0.44557     0.53088]
 [     0.4691     0.53033]
 [    0.43489     0.54883]
 [    0.47899     0.56507]
 [    0.43975     0.52692]
 [     0.4877     0.58695]
 [    0.45441     0.60525]
 [    0.46886     0.60457]
 [    0.45839     0.67164]
 [    0.47207     0.66249]
 [    0.46134     0.73168]
 [    0.46978     0.72059]]
Ball position: [413, 113]