[[          0           0]
 [          0           0]
 [          0           0]
 [    0.53901     0.62715]
 [    0.55571     0.62597]
 [    0.53168     0.66368]
 [    0.56465     0.66073]
 [    0.52258     0.71051]
 [    0.58264     0.70693]
 [    0.52492     0.73599]
 [    0.60225      0.7371]
 [    0.53904     0.75228]
 [    0.56211     0.75065]
 [    0.53358     0.82455]
 [    0.56892     0.81936]
 [    0.53312     0.89834]
 [    0.57812     0.88996]]
[[          0           0]
 [          0           0]
 [          0           0]
 [    0.52573      0.6242]
 [    0.54152     0.62058]
 [    0.51998     0.66125]
 [    0.55229      0.6534]
 [    0.51614     0.70634]
 [    0.56673     0.69606]
 [    0.52169     0.73146]
 [     0.5824     0.72946]
 [    0.53003     0.74983]
 [    0.55126     0.74538]
 [    0.53278     0.82778]
 [    0.55148     0.81582]
 [    0.53482     0.89979]
 [     0.5482     0.88319]]
[[          0           0]
 [          0           0]
 [          0           0]
 [     0.5132     0.60184]
 [    0.52944     0.60131]
 [    0.50666     0.63569]
 [    0.53717     0.63472]
 [    0.50175     0.67789]
 [    0.55078     0.67817]
 [          0           0]
 [          0           0]
 [    0.51689     0.72181]
 [    0.53532     0.72232]
 [     0.5185     0.79355]
 [    0.52535     0.79665]
 [    0.52602     0.85965]
 [    0.52023      0.8668]]
[[          0           0]
 [          0           0]
 [          0           0]
 [    0.50702     0.59034]
 [    0.52283     0.58989]
 [    0.49909     0.62475]
 [    0.53145     0.62542]
 [    0.49363     0.66743]
 [    0.54446     0.66531]
 [          0           0]
 [    0.55198      0.6783]
 [    0.50773     0.70547]
 [    0.52772     0.70691]
 [    0.51165     0.77222]
 [    0.51986     0.77691]
 [    0.52066     0.83657]
 [    0.51528     0.84363]]
[[          0           0]
 [          0           0]
 [          0           0]
 [    0.50158     0.58191]
 [    0.51498     0.58275]
 [    0.49238     0.61629]
 [      0.523     0.62132]
 [    0.48392     0.65622]
 [    0.52997     0.67102]
 [    0.49022     0.68363]
 [    0.53096     0.71032]
 [    0.49613     0.70186]
 [    0.51502     0.70334]
 [    0.49536     0.76897]
 [    0.50011     0.77007]
 [    0.50933     0.82919]
 [    0.49669     0.82978]]
[[          0           0]
 [          0           0]
 [          0           0]
 [    0.49617     0.56668]
 [    0.51084     0.56787]
 [    0.48704     0.60042]
 [    0.51703     0.60385]
 [    0.48019     0.64262]
 [    0.52469     0.64969]
 [    0.48833     0.66408]
 [    0.52579     0.66901]
 [    0.49035     0.68542]
 [    0.50965     0.68699]
 [     0.4849     0.75073]
 [    0.49889     0.75218]
 [    0.49167     0.80764]
 [    0.49362     0.80759]]
