[[          0           0]
 [          0           0]
 [          0           0]
 [    0.37104     0.53635]
 [          0           0]
 [    0.37476       0.553]
 [    0.38678      0.5603]
 [    0.37245     0.58095]
 [          0           0]
 [    0.36105      0.6036]
 [          0           0]
 [    0.38903     0.60622]
 [    0.39995     0.61203]
 [    0.38055     0.64312]
 [    0.40675     0.66117]
 [    0.38486     0.67953]
 [    0.42138     0.70519]]
[[          0           0]
 [          0           0]
 [          0           0]
 [    0.37104     0.53635]
 [          0           0]
 [    0.37476       0.553]
 [    0.38678      0.5603]
 [    0.37245     0.58095]
 [          0           0]
 [    0.36105      0.6036]
 [          0           0]
 [    0.38903     0.60622]
 [    0.39995     0.61203]
 [    0.38055     0.64312]
 [    0.40675     0.66117]
 [    0.38486     0.67953]
 [    0.42138     0.70519]]
[[          0           0]
 [          0           0]
 [          0           0]
 [    0.37104     0.53635]
 [          0           0]
 [    0.37476       0.553]
 [    0.38678      0.5603]
 [    0.37245     0.58095]
 [          0           0]
 [    0.36105      0.6036]
 [          0           0]
 [    0.38903     0.60622]
 [    0.39995     0.61203]
 [    0.38055     0.64312]
 [    0.40675     0.66117]
 [    0.38486     0.67953]
 [    0.42138     0.70519]]
[[          0           0]
 [          0           0]
 [          0           0]
 [    0.37104     0.53635]
 [          0           0]
 [    0.37476       0.553]
 [    0.38678      0.5603]
 [    0.37245     0.58095]
 [          0           0]
 [    0.36105      0.6036]
 [          0           0]
 [    0.38903     0.60622]
 [    0.39995     0.61203]
 [    0.38055     0.64312]
 [    0.40675     0.66117]
 [    0.38486     0.67953]
 [    0.42138     0.70519]]
[[          0           0]
 [          0           0]
 [          0           0]
 [    0.35887     0.55053]
 [          0           0]
 [      0.365     0.57188]
 [    0.36938      0.5682]
 [    0.37186     0.60663]
 [    0.36994     0.59751]
 [    0.36629     0.63731]
 [    0.36063       0.628]
 [    0.38339     0.62482]
 [    0.38599     0.62398]
 [    0.39217      0.6685]
 [    0.39335     0.66655]
 [    0.40664     0.69794]
 [    0.40464     0.69463]]
[[          0           0]
 [          0           0]
 [          0           0]
 [    0.38696     0.46829]
 [     0.3988     0.46741]
 [    0.38182     0.49432]
 [    0.40793     0.49239]
 [    0.37201     0.52691]
 [    0.41808     0.52476]
 [     0.3737      0.5324]
 [    0.41952     0.54099]
 [    0.38737      0.5628]
 [    0.40406     0.56117]
 [    0.38362     0.61372]
 [    0.39946     0.61347]
 [    0.38289     0.66038]
 [    0.39407     0.66312]]
[[          0           0]
 [          0           0]
 [          0           0]
 [          0           0]
 [     0.4031      0.4655]
 [    0.38514     0.49125]
 [    0.41109     0.48977]
 [    0.37604     0.52066]
 [    0.42025     0.52429]
 [    0.38302      0.5279]
 [    0.42204     0.54718]
 [     0.3909      0.5603]
 [    0.40722     0.55807]
 [    0.39029     0.61728]
 [    0.40237     0.60889]
 [    0.39369     0.66781]
 [    0.39861     0.65651]]
[[          0           0]
 [          0           0]
 [          0           0]
 [          0           0]
 [    0.41194       0.475]
 [    0.39263     0.50122]
 [    0.41794     0.50464]
 [    0.38188     0.52729]
 [    0.42721     0.53934]
 [    0.39144     0.53589]
 [    0.42974     0.55301]
 [    0.39735     0.57181]
 [    0.41379     0.57306]
 [    0.39851     0.62824]
 [    0.41473     0.62774]
 [    0.39697     0.68168]
 [    0.41256     0.68044]]
[[          0           0]
 [          0           0]
 [          0           0]
 [          0           0]
 [    0.41737     0.48059]
 [    0.39937      0.5051]
 [    0.42394     0.50954]
 [    0.38776     0.52802]
 [     0.4337     0.54523]
 [     0.3931       0.531]
 [    0.43926     0.56504]
 [    0.40273     0.57271]
 [    0.42012      0.5744]
 [    0.40217     0.62959]
 [    0.42744     0.62645]
 [    0.39639     0.68596]
 [    0.43127     0.68002]]
[[          0           0]
 [          0           0]
 [          0           0]
 [          0           0]
 [    0.42999     0.48406]
 [    0.41291     0.50409]
 [    0.43815     0.51445]
 [    0.40307     0.53471]
 [    0.44757     0.55446]
 [    0.41153     0.53667]
 [    0.45063     0.56879]
 [    0.41584     0.57265]
 [    0.43434     0.57893]
 [    0.41093     0.63002]
 [    0.43945     0.64132]
 [    0.39885      0.6859]
 [    0.44302     0.70375]]
[[          0           0]
 [          0           0]
 [          0           0]
 [          0           0]
 [    0.43791     0.48849]
 [    0.42145     0.51267]
 [    0.44411     0.51858]
 [    0.40873     0.53501]
 [    0.45216     0.55456]
 [    0.41185     0.53175]
 [    0.46031     0.57997]
 [    0.42531     0.58356]
 [     0.4411     0.58661]
 [    0.42081     0.64534]
 [    0.44356     0.64853]
 [    0.41054     0.70231]
 [     0.4425     0.70909]]
