0.3640625
0.6527777777777778
0.3640625
0.6527777777777778
0.3390625
0.6083333333333333
0.3671875
0.44722222222222224
0.3671875
0.44722222222222224
0.3828125
0.375
0.4
0.3
0.4140625
0.2388888888888889
0.4359375
0.1527777777777778
0.4421875
0.1388888888888889
0.4484375
0.12222222222222222
0.4546875
0.1111111111111111
0.615625
0.21388888888888888
0.628125
0.24444444444444444
0.6390625
0.2777777777777778
0.6515625
0.3138888888888889
0.6515625
0.3138888888888889
0.6640625
0.3611111111111111
0.6765625
0.40555555555555556
0.678125
0.4166666666666667
0.6609375
0.3638888888888889
0.6453125
0.3138888888888889
0.6453125
0.3138888888888889
0.634375
0.2833333333333333
0.6234375
0.25555555555555554
0.6203125
0.24166666666666667
0.6234375
0.25277777777777777
0.628125
0.2638888888888889
0.628125
0.2638888888888889
0.6328125
0.2777777777777778
0.6359375
0.29444444444444445
0.640625
0.3111111111111111
0.6453125
0.33611111111111114
0.65
0.3638888888888889
0.65
0.3638888888888889
0.6546875
0.39166666666666666
0.659375
0.4222222222222222
0.665625
0.4583333333333333
0.68125
0.5861111111111111
0.6875
0.6388888888888888
0.69375
0.6916666666666667
0.715625
0.8166666666666667
0.721875
0.8083333333333333
0.725
0.8
0.7296875
0.7944444444444444
0.7296875
0.7944444444444444
0.734375
0.7888888888888889
0.7390625
0.7888888888888889
0.7453125
0.7916666666666666
0.75
0.7972222222222223
0.7546875
0.8055555555555556
0.7546875
0.8055555555555556
0.7609375
0.8166666666666667
0.7625
0.8138888888888889
0.7609375
0.8
0.7578125
0.7888888888888889
0.75625
0.7777777777777778
0.75625
0.7777777777777778
0.7546875
0.7722222222222223
0.7515625
0.7694444444444445
0.75
0.7694444444444445
0.746875
0.7694444444444445
0.7453125
0.775
0.7453125
0.775
0.74375
0.7833333333333333
0.740625
0.7944444444444444
0.7390625
0.8055555555555556
0.7078125
0.9166666666666666
0.7078125
0.9166666666666666
0.6734375
0.4083333333333333
0.6765625
0.41388888888888886
0.68125
0.42777777777777776
0.68125
0.42777777777777776
0.6859375
0.4388888888888889
0.690625
0.45555555555555555
0.6953125
0.4722222222222222
0.7046875
0.5194444444444445
0.7046875
0.5194444444444445
0.709375
0.5444444444444444
0.715625
0.5777777777777777
0.7203125
0.6111111111111112
0.7265625
0.6472222222222223
0.73125
0.6888888888888889
0.7328125
0.6861111111111111
0.7453125
0.7805555555555556
0.7484375
0.7777777777777778
0.753125
0.7722222222222223
0.75625
0.7666666666666667
0.75625
0.7666666666666667
0.759375
0.7666666666666667
0.7671875
0.7722222222222223
0.771875
0.7805555555555556
0.7765625
0.7916666666666666
0.7765625
0.7916666666666666
0.75
0.6194444444444445
0.725
0.4638888888888889
0.7171875
0.40555555555555556
0.7171875
0.40555555555555556
0.7
0.3416666666666667
0.7
0.35
