0.0
0.0
0.0
0.0
0.0
0.0
0.3861244022846222
0.5334211587905884
0.0
0.0
0.3862456679344177
0.5549386143684387
0.40691208839416504
0.5480632185935974
0.36761045455932617
0.5820789933204651
0.0
0.0
0.3538617193698883
0.590268075466156
0.0
0.0
0.4012911915779114
0.6145235300064087
0.41570621728897095
0.6108274459838867
0.4010656476020813
0.6717575788497925
0.4228983521461487
0.6654790043830872
0.4113931655883789
0.7160483598709106
0.4314649701118469
0.706156313419342
0.0
0.0
0.0
0.0
0.0
0.0
0.3834727704524994
0.5336112380027771
0.0
0.0
0.38421449065208435
0.5489793419837952
0.40288299322128296
0.5487910509109497
0.3706303536891937
0.5802517533302307
0.0
0.0
0.3551619350910187
0.5904719233512878
0.0
0.0
0.39812320470809937
0.6062766909599304
0.41422349214553833
0.6092563271522522
0.37161484360694885
0.6376904845237732
0.414524644613266
0.6589799523353577
0.3767399191856384
0.6751841902732849
0.4312228262424469
0.7136677503585815
0.0
0.0
0.0
0.0
0.0
0.0
0.37397322058677673
0.5353080034255981
0.0
0.0
0.3784838616847992
0.5519967675209045
0.39453911781311035
0.5502448081970215
0.3679547607898712
0.5795538425445557
0.0
0.0
0.3546018600463867
0.5926311016082764
0.0
0.0
0.3936936855316162
0.616226315498352
0.40695586800575256
0.6153595447540283
0.384953111410141
0.6656983494758606
0.412748247385025
0.6671894192695618
0.3913579285144806
0.7075339555740356
0.4246801733970642
0.7095561623573303
0.0
0.0
0.0
0.0
0.0
0.0
0.3739802837371826
0.5353108048439026
0.0
0.0
0.3784556984901428
0.5520102381706238
0.3946518003940582
0.549925684928894
0.3678939938545227
0.5796228647232056
0.0
0.0
0.35449159145355225
0.5926329493522644
0.0
0.0
0.39366400241851807
0.6162952780723572
0.40695708990097046
0.6151904463768005
0.3853505551815033
0.6661810278892517
0.41279593110084534
0.666965126991272
0.39190638065338135
0.7081599831581116
0.42445459961891174
0.7090970277786255
0.0
0.0
0.0
0.0
0.0
0.0
0.37108778953552246
0.5365362167358398
0.0
0.0
0.37467095255851746
0.5522629618644714
0.38736236095428467
0.5594132542610168
0.37229830026626587
0.5800965428352356
0.0
0.0
0.3611691892147064
0.6029658913612366
0.0
0.0
0.388372004032135
0.6054822206497192
0.40044230222702026
0.6110581159591675
0.37343573570251465
0.6398429870605469
0.4051388204097748
0.65873783826828
0.37346962094306946
0.6763162016868591
0.42007842659950256
0.7040519118309021
0.0
0.0
0.0
0.0
0.0
0.0
0.37108778953552246
0.5365362167358398
0.0
0.0
0.37467095255851746
0.5522629618644714
0.38736236095428467
0.5594132542610168
0.37229830026626587
0.5800965428352356
0.0
0.0
0.3611691892147064
0.6029658913612366
0.0
0.0
0.388372004032135
0.6054822206497192
0.40044230222702026
0.6110581159591675
0.37343573570251465
0.6398429870605469
0.4051388204097748
0.65873783826828
0.37346962094306946
0.6763162016868591
0.42007842659950256
0.7040519118309021
0.0
0.0
0.0
0.0
0.0
0.0
0.37108778953552246
0.5365362167358398
0.0
0.0
0.37467095255851746
0.5522629618644714
0.38736236095428467
0.5594132542610168
0.37229830026626587
0.5800965428352356
0.0
0.0
0.3611691892147064
0.6029658913612366
0.0
0.0
0.388372004032135
0.6054822206497192
0.40044230222702026
0.6110581159591675
0.37343573570251465
0.6398429870605469
0.4051388204097748
0.65873783826828
0.37346962094306946
0.6763162016868591
0.42007842659950256
0.7040519118309021
0.0
0.0
0.0
0.0
0.0
0.0
0.37108778953552246
0.5365362167358398
0.0
0.0
0.37467095255851746
0.5522629618644714
0.38736236095428467
0.5594132542610168
0.37229830026626587
0.5800965428352356
0.0
0.0
0.3611691892147064
0.6029658913612366
0.0
0.0
0.388372004032135
0.6054822206497192
0.40044230222702026
0.6110581159591675
0.37343573570251465
0.6398429870605469
0.4051388204097748
0.65873783826828
0.37346962094306946
0.6763162016868591
0.42007842659950256
0.7040519118309021
0.0
0.0
0.0
0.0
0.0
0.0
0.37108778953552246
0.5365362167358398
0.0
0.0
0.37467095255851746
0.5522629618644714
0.38736236095428467
0.5594132542610168
0.37229830026626587
0.5800965428352356
0.0
0.0
0.3611691892147064
0.6029658913612366
0.0
0.0
0.388372004032135
0.6054822206497192
0.40044230222702026
0.6110581159591675
0.37343573570251465
0.6398429870605469
0.4051388204097748
0.65873783826828
0.37346962094306946
0.6763162016868591
0.42007842659950256
0.7040519118309021
0.0
0.0
0.0
0.0
0.0
0.0
0.37108778953552246
0.5365362167358398
0.0
0.0
0.37467095255851746
0.5522629618644714
0.38736236095428467
0.5594132542610168
0.37229830026626587
0.5800965428352356
0.0
0.0
0.3611691892147064
0.6029658913612366
0.0
0.0
0.388372004032135
0.6054822206497192
0.40044230222702026
0.6110581159591675
0.37343573570251465
0.6398429870605469
0.4051388204097748
0.65873783826828
0.37346962094306946
0.6763162016868591
0.42007842659950256
0.7040519118309021
0.0
0.0
0.0
0.0
0.0
0.0
0.37108778953552246
0.5365362167358398
0.0
0.0
0.37467095255851746
0.5522629618644714
0.38736236095428467
0.5594132542610168
0.37229830026626587
0.5800965428352356
0.0
0.0
0.3611691892147064
0.6029658913612366
0.0
0.0
0.388372004032135
0.6054822206497192
0.40044230222702026
0.6110581159591675
0.37343573570251465
0.6398429870605469
0.4051388204097748
0.65873783826828
0.37346962094306946
0.6763162016868591
0.42007842659950256
0.7040519118309021
0.0
0.0
0.0
0.0
0.0
0.0
0.37108778953552246
0.5365362167358398
0.0
0.0
0.37467095255851746
0.5522629618644714
0.38736236095428467
0.5594132542610168
0.37229830026626587
0.5800965428352356
0.0
0.0
0.3611691892147064
0.6029658913612366
0.0
0.0
0.388372004032135
0.6054822206497192
0.40044230222702026
0.6110581159591675
0.37343573570251465
0.6398429870605469
0.4051388204097748
0.65873783826828
0.37346962094306946
0.6763162016868591
0.42007842659950256
0.7040519118309021
0.0
0.0
0.0
0.0
0.0
0.0
0.37108778953552246
0.5365362167358398
0.0
0.0
0.37467095255851746
0.5522629618644714
0.38736236095428467
0.5594132542610168
0.37229830026626587
0.5800965428352356
0.0
0.0
0.3611691892147064
0.6029658913612366
0.0
0.0
0.388372004032135
0.6054822206497192
0.40044230222702026
0.6110581159591675
0.37343573570251465
0.6398429870605469
0.4051388204097748
0.65873783826828
0.37346962094306946
0.6763162016868591
0.42007842659950256
0.7040519118309021
0.0
0.0
0.0
0.0
0.0
0.0
0.37108778953552246
0.5365362167358398
0.0
0.0
0.37467095255851746
0.5522629618644714
0.38736236095428467
0.5594132542610168
0.37229830026626587
0.5800965428352356
0.0
0.0
0.3611691892147064
0.6029658913612366
0.0
0.0
0.388372004032135
0.6054822206497192
0.40044230222702026
0.6110581159591675
0.37343573570251465
0.6398429870605469
0.4051388204097748
0.65873783826828
0.37346962094306946
0.6763162016868591
0.42007842659950256
0.7040519118309021
0.0
0.0
0.0
0.0
0.0
0.0
0.37108778953552246
0.5365362167358398
0.0
0.0
0.37467095255851746
0.5522629618644714
0.38736236095428467
0.5594132542610168
0.37229830026626587
0.5800965428352356
0.0
0.0
0.3611691892147064
0.6029658913612366
0.0
0.0
0.388372004032135
0.6054822206497192
0.40044230222702026
0.6110581159591675
0.37343573570251465
0.6398429870605469
0.4051388204097748
0.65873783826828
0.37346962094306946
0.6763162016868591
0.42007842659950256
0.7040519118309021
0.0
0.0
0.0
0.0
0.0
0.0
0.37108778953552246
0.5365362167358398
0.0
0.0
0.37467095255851746
0.5522629618644714
0.38736236095428467
0.5594132542610168
0.37229830026626587
0.5800965428352356
0.0
0.0
0.3611691892147064
0.6029658913612366
0.0
0.0
0.388372004032135
0.6054822206497192
0.40044230222702026
0.6110581159591675
0.37343573570251465
0.6398429870605469
0.4051388204097748
0.65873783826828
0.37346962094306946
0.6763162016868591
0.42007842659950256
0.7040519118309021
0.0
0.0
0.0
0.0
0.0
0.0
0.37108778953552246
0.5365362167358398
0.0
0.0
0.37467095255851746
0.5522629618644714
0.38736236095428467
0.5594132542610168
0.37229830026626587
0.5800965428352356
0.0
0.0
0.3611691892147064
0.6029658913612366
0.0
0.0
0.388372004032135
0.6054822206497192
0.40044230222702026
0.6110581159591675
0.37343573570251465
0.6398429870605469
0.4051388204097748
0.65873783826828
0.37346962094306946
0.6763162016868591
0.42007842659950256
0.7040519118309021
0.0
0.0
0.0
0.0
0.0
0.0
0.37108778953552246
0.5365362167358398
0.0
0.0
0.37467095255851746
0.5522629618644714
0.38736236095428467
0.5594132542610168
0.37229830026626587
0.5800965428352356
0.0
0.0
0.3611691892147064
0.6029658913612366
0.0
0.0
0.388372004032135
0.6054822206497192
0.40044230222702026
0.6110581159591675
0.37343573570251465
0.6398429870605469
0.4051388204097748
0.65873783826828
0.37346962094306946
0.6763162016868591
0.42007842659950256
0.7040519118309021
0.0
0.0
0.0
0.0
0.0
0.0
0.36437904834747314
0.5392557382583618
0.0
0.0
0.36946380138397217
0.5578999519348145
0.37855324149131775
0.5562662482261658
0.3748723864555359
0.5938723087310791
0.3733200430870056
0.5867724418640137
0.36327868700027466
0.6253296732902527
0.0
0.0
0.3876127302646637
0.6175392270088196
0.39493802189826965
0.6182008385658264
0.3883397877216339
0.6561494469642639
0.40135639905929565
0.6607010960578918
0.4018818736076355
0.6941277384757996
0.41318315267562866
0.7007081508636475
0.0
0.0
0.0
0.0
0.0
0.0
0.36886081099510193
0.48736119270324707
0.3816016614437103
0.4867226481437683
0.3649042546749115
0.512043833732605
0.39083969593048096
0.5111608505249023
0.3599202036857605
0.5499127507209778
0.40361690521240234
0.5375350713729858
0.35602879524230957
0.5814478993415833
0.40450459718704224
0.5595919489860535
0.37110647559165955
0.5740892291069031
0.38942593336105347
0.5751420259475708
0.36493435502052307
0.6112669110298157
0.3938677906990051
0.62003093957901
0.36333906650543213
0.651097297668457
0.394985556602478
0.6669235825538635
0.0
0.0
0.0
0.0
0.0
0.0
0.37299102544784546
0.48030319809913635
0.38559940457344055
0.47988030314445496
0.3694543242454529
0.5066889524459839
0.39423343539237976
0.5068120956420898
0.36381077766418457
0.5460668802261353
0.4046945571899414
0.5350574254989624
0.3609692454338074
0.5795947313308716
0.40477338433265686
0.5596317052841187
0.37527593970298767
0.5668985247612
0.392850786447525
0.5687400698661804
0.36899954080581665
0.6097768545150757
0.3949074447154999
0.6209720373153687
0.364125519990921
0.6498945355415344
0.39609378576278687
0.669416606426239
0.0
0.0
0.0
0.0
0.0
0.0
0.37300580739974976
0.48030099272727966
0.3855879604816437
0.4798294007778168
0.36943739652633667
0.5067076086997986
0.3942531645298004
0.5067586898803711
0.36378368735313416
0.5460765361785889
0.40465885400772095
0.5351333022117615
0.36096590757369995
0.5796228051185608
0.40475019812583923
0.5596618056297302
0.3752867579460144
0.5669488906860352
0.39287668466567993
0.5687175989151001
0.36911332607269287
0.6100558638572693
0.3949752748012543
0.6209571361541748
0.36443543434143066
0.650332510471344
0.39616698026657104
0.6693211197853088
0.0
0.0
0.0
0.0
0.0
0.0
0.3770564794540405
0.47668686509132385
0.388458788394928
0.4758813977241516
0.3740486204624176
0.5026152729988098
0.3972371518611908
0.5009702444076538
0.36742347478866577
0.5367034673690796
0.4108455777168274
0.5284714698791504
0.3651779294013977
0.5451638698577881
0.40961918234825134
0.5490013360977173
0.37893146276474
0.5642626285552979
0.3951514959335327
0.5650178790092468
0.3711852729320526
0.6072176694869995
0.39587321877479553
0.617573618888855
0.36324578523635864
0.6444944739341736
0.3947067856788635
0.6680509448051453
0.0
0.0
0.0
0.0
0.0
0.0
0.3813757598400116
0.4738205671310425
0.3923923671245575
0.47351473569869995
0.3764713406562805
0.5005677342414856
0.4003971219062805
0.4991690218448639
0.3682972490787506
0.5342684984207153
0.41293707489967346
0.5265815854072571
0.3674279749393463
0.5430228114128113
0.4174920916557312
0.5459231734275818
0.3807007372379303
0.5647856593132019
0.39693334698677063
0.5649276375770569
0.37338894605636597
0.6085930466651917
0.3981556296348572
0.6168972849845886
0.3657483458518982
0.6495866775512695
0.3936249613761902
0.6692054867744446
0.0
0.0
0.0
0.0
0.0
0.0
0.38391315937042236
0.4707871377468109
0.39597001671791077
0.47019365429878235
0.37953054904937744
0.4975705146789551
0.40413370728492737
0.49603965878486633
0.3703921437263489
0.5310914516448975
0.4157450199127197
0.5263439416885376
0.36943796277046204
0.5362778306007385
0.4187644422054291
0.5445538759231567
0.3848706781864166
0.5641745924949646
0.40096521377563477
0.5637288689613342
0.37925511598587036
0.6109920144081116
0.3983801007270813
0.6166582107543945
0.3736206889152527
0.656782329082489
0.39349043369293213
0.6707867383956909
0.0
0.0
0.0
0.0
0.0
0.0
0.3869882822036743
0.468244343996048
0.39874133467674255
0.46738943457603455
0.3818430006504059
0.49429500102996826
0.4079110622406006
0.49243417382240295
0.3721272647380829
0.526932418346405
0.41810888051986694
0.5248005390167236
0.3736780285835266
0.5323998928070068
0.41936182975769043
0.5411115884780884
0.3873484134674072
0.5625815391540527
0.4040055274963379
0.561027467250824
0.38374364376068115
0.6135260462760925
0.39946675300598145
0.6135349869728088
0.3828441798686981
0.6600965857505798
0.3939220607280731
0.6632987856864929
0.0
0.0
0.0
0.0
0.0
0.0
0.0
0.0
0.4002246856689453
0.46461617946624756
0.3821174204349518
0.49139493703842163
0.40786075592041016
0.4903734028339386
0.3737623691558838
0.5241456031799316
0.4177311360836029
0.5245850682258606
0.37599655985832214
0.5292366743087769
0.4189508855342865
0.544303834438324
0.38742873072624207
0.5617210268974304
0.4035656452178955
0.5608325600624084
0.38769739866256714
0.6139395236968994
0.40078407526016235
0.6124820113182068
0.3877302408218384
0.6611900925636292
0.39399704337120056
0.6621675491333008
0.0
0.0
0.0
0.0
0.0
0.0
0.0
0.0
0.40021729469299316
0.4645557105541229
0.3821395933628082
0.4913842976093292
0.40783554315567017
0.4903521239757538
0.3736993968486786
0.5241721272468567
0.41762691736221313
0.5245559811592102
0.37597984075546265
0.5292614698410034
0.4188653826713562
0.5443576574325562
0.3874041438102722
0.5617523193359375
0.40351858735084534
0.5608680248260498
0.38762861490249634
0.6139512658119202
0.40069031715393066
0.6125746965408325
0.3876711130142212
0.661169171333313
0.3939855694770813
0.6623461842536926
0.0
0.0
0.0
0.0
0.0
0.0
0.0
0.0
0.4031278192996979
0.46540695428848267
0.3851696252822876
0.49116626381874084
0.41103172302246094
0.48978641629219055
0.3762056231498718
0.5205219984054565
0.4201980531215668
0.5241631865501404
0.38315677642822266
0.5280138850212097
0.4216856062412262
0.5466001033782959
0.3909028172492981
0.5597167611122131
0.4071950316429138
0.5575908422470093
0.3903970420360565
0.6170593500137329
0.402601957321167
0.6089667677879333
0.3936581313610077
0.667880654335022
0.3985867202281952
0.6569328308105469
0.0
0.0
0.0
0.0
0.0
0.0
0.0
0.0
0.4044547975063324
0.4679188132286072
0.38718703389167786
0.4932742118835449
0.41233325004577637
0.49234533309936523
0.3798525631427765
0.5237232446670532
0.4230693280696869
0.5279756188392639
0.38123127818107605
0.5285640954971313
0.42617303133010864
0.5510612726211548
0.3923935294151306
0.5653313398361206
0.40821313858032227
0.5642167329788208
0.39274656772613525
0.6211939454078674
0.40655383467674255
0.6173293590545654
0.39494580030441284
0.6731787323951721
0.4016234278678894
0.6699572801589966
0.0
0.0
0.0
0.0
0.0
0.0
0.0
0.0
0.40903306007385254
0.47071605920791626
0.38960593938827515
0.49630600214004517
0.4159349501132965
0.49603891372680664
0.37967997789382935
0.5228192806243896
0.42604580521583557
0.5314031839370728
0.38461512327194214
0.5281682014465332
0.4290558695793152
0.5542467832565308
0.39507758617401123
0.5680800080299377
0.41175708174705505
0.5670074224472046
0.39625516533851624
0.6255654096603394
0.4114801287651062
0.6208111047744751
0.397263765335083
0.6793142557144165
0.4070557653903961
0.6732717752456665
0.0
0.0
0.0
0.0
0.0
0.0
0.0
0.0
0.41190847754478455
0.4754232168197632
0.39380013942718506
0.5009213089942932
0.41791048645973206
0.5047686696052551
0.3831191658973694
0.5252567529678345
0.42681559920310974
0.5372663736343384
0.3925483822822571
0.5334821343421936
0.4283156394958496
0.5506840944290161
0.3980410695075989
0.5693387389183044
0.4138964116573334
0.5708659291267395
0.39954105019569397
0.6272914409637451
0.4149084985256195
0.626355767250061
0.39817818999290466
0.6820905208587646
0.4140864908695221
0.6794720888137817
0.0
0.0
0.0
0.0
0.0
0.0
0.0
0.0
0.41487255692481995
0.4789849519729614
0.39675313234329224
0.5040314197540283
0.4194325804710388
0.5080553293228149
0.38523274660110474
0.5294969081878662
0.4257470667362213
0.5417813658714294
0.39110976457595825
0.5326904058456421
0.4284561276435852
0.5560680031776428
0.40044131875038147
0.5697301626205444
0.4159627854824066
0.5718591213226318
0.4006851315498352
0.6280782222747803
0.419228732585907
0.6286734938621521
0.39696061611175537
0.6834447383880615
0.4196549952030182
0.6837417483329773
0.0
0.0
0.0
0.0
0.0
0.0
0.0
0.0
0.4148813784122467
0.4789738059043884
0.3967421054840088
0.5040359497070312
0.41944313049316406
0.5080429911613464
0.38522034883499146
0.529539167881012
0.4257643222808838
0.541818380355835
0.3911217749118805
0.532754123210907
0.42844533920288086
0.5561573505401611
0.4004092216491699
0.5698190331459045
0.41594237089157104
0.5719119310379028
0.40058428049087524
0.6283015608787537
0.4190700948238373
0.628771960735321
0.396829217672348
0.6837943196296692
0.41950470209121704
0.6838897466659546
0.0
0.0
0.0
0.0
0.0
0.0
0.0
0.0
0.41737431287765503
0.480586975812912
0.39940962195396423
0.5050086379051208
0.4239383339881897
0.5094251036643982
0.38773107528686523
0.5279406905174255
0.43373504281044006
0.545109748840332
0.3930973708629608
0.5309991240501404
0.43924158811569214
0.5650520920753479
0.4026857316493988
0.5726339817047119
0.4200529158115387
0.5743063688278198
0.402118444442749
0.6295996904373169
0.42733559012413025
0.6263944506645203
0.3963199257850647
0.6860882043838501
0.43123507499694824
0.6800585985183716
0.0
0.0
0.0
0.0
0.0
0.0
0.0
0.0
0.4212466776371002
0.4816862642765045
0.40419310331344604
0.5052424669265747
0.4274767339229584
0.5099868178367615
0.39269497990608215
0.5321372747421265
0.43511906266212463
0.5469603538513184
0.40240544080734253
0.5341162085533142
0.4441145062446594
0.5657951235771179
0.4068491458892822
0.5705581307411194
0.42394644021987915
0.572943925857544
0.4039875864982605
0.6279531717300415
0.43129950761795044
0.6275630593299866
0.39622896909713745
0.6829879879951477
0.43543052673339844
0.6826373338699341
0.0
0.0
0.0
0.0
0.0
0.0
0.0
0.0
0.42572540044784546
0.48133742809295654
0.4083132743835449
0.5037274956703186
0.4324750006198883
0.5104370713233948
0.39719635248184204
0.5322433114051819
0.4409335255622864
0.5474491715431213
0.4082340598106384
0.5410415530204773
0.4463579058647156
0.5681217312812805
0.4107189178466797
0.5707051753997803
0.42844945192337036
0.5746397972106934
0.40739431977272034
0.6286165714263916
0.4348478317260742
0.6334313154220581
0.3976493179798126
0.6845499873161316
0.43870797753334045
0.6922129392623901
0.0
0.0
0.0
0.0
0.0
0.0
0.0
0.0
0.4298425316810608
0.4844939708709717
0.4121376574039459
0.5050128698348999
0.438285768032074
0.5151544809341431
0.4025699198246002
0.5343056917190552
0.44733840227127075
0.5537532567977905
0.4110397398471832
0.5367212891578674
0.45086726546287537
0.5709131956100464
0.4148695468902588
0.5736443996429443
0.4343440532684326
0.5793885588645935
0.41118693351745605
0.6314796209335327
0.4402434825897217
0.6432931423187256
0.39940452575683594
0.6868743896484375
0.4436914026737213
0.7065393328666687
0.0
0.0
0.0
0.0
0.0
0.0
0.42394375801086426
0.4853441119194031
0.43366989493370056
0.4872228503227234
0.41662558913230896
0.5098177790641785
0.44048136472702026
0.5166084170341492
0.4062897264957428
0.5374267101287842
0.44852882623672485
0.5526325702667236
0.41440385580062866
0.5382642149925232
0.454346239566803
0.5779696106910706
0.4196750521659851
0.5822166204452515
0.43716102838516235
0.5871500372886658
0.41527098417282104
0.6335766315460205
0.4418397843837738
0.6498250961303711
0.4031214118003845
0.6824405193328857
0.4428223669528961
0.714319109916687
0.0
0.0
0.0
0.0
0.0
0.0
0.42393168807029724
0.4853369891643524
0.4336703419685364
0.48721668124198914
0.41661301255226135
0.5098266005516052
0.4404909610748291
0.5166195034980774
0.4063050150871277
0.5374894738197327
0.4485383927822113
0.5526793003082275
0.41436639428138733
0.5382100343704224
0.4543205201625824
0.5779362320899963
0.4196397364139557
0.5822592973709106
0.43714532256126404
0.5871984362602234
0.4152199327945709
0.6335922479629517
0.44182783365249634
0.6498845219612122
0.40309515595436096
0.6824561357498169
0.44283992052078247
0.7144253253936768
0.0
0.0
0.0
0.0
0.0
0.0
0.0
0.0
0.4381193220615387
0.488497257232666
0.42142194509506226
0.5127726793289185
0.44426241517066956
0.5188383460044861
0.4088248610496521
0.5355417728424072
0.4522518217563629
0.5553544163703918
0.4120582044124603
0.5316998958587646
0.46054863929748535
0.5801043510437012
0.42520278692245483
0.5836308002471924
0.4411274790763855
0.5868002772331238
0.420842707157135
0.645111083984375
0.44369521737098694
0.6486300230026245
0.4103758931159973
0.7021629214286804
0.44224613904953003
0.7094261050224304
0.0
0.0
0.0
0.0
0.0
0.0
0.0
0.0
0.4395747780799866
0.49087202548980713
0.42353877425193787
0.5145920515060425
0.4447336196899414
0.5194271802902222
0.4122929573059082
0.538218080997467
0.454420804977417
0.5554544925689697
0.4187299609184265
0.5287958979606628
0.46522626280784607
0.5822248458862305
0.42905673384666443
0.5833529829978943
0.4435010850429535
0.5866521596908569
0.42665261030197144
0.6448426246643066
0.446173757314682
0.6478868126869202
0.4184887409210205
0.7018157243728638
0.4437767565250397
0.7097597122192383
0.0
0.0
0.0
0.0
0.0
0.0
0.0
0.0
0.4452402591705322
0.4909851849079132
0.4267149567604065
0.5149906277656555
0.44943928718566895
0.5204620361328125
0.4149966239929199
0.5371344089508057
0.4566313624382019
0.5572634339332581
0.42136913537979126
0.5298448801040649
0.46541446447372437
0.5862549543380737
0.4309098720550537
0.5841661095619202
0.4455675184726715
0.5876481533050537
0.4339122176170349
0.6450169086456299
0.44823622703552246
0.6479331851005554
0.43167585134506226
0.700165867805481
0.4444034695625305
0.7069924473762512
0.0
0.0
0.0
0.0
0.0
0.0
0.0
0.0
0.4487345218658447
0.4895484149456024
0.42941707372665405
0.5147609114646912
0.45201295614242554
0.5190494060516357
0.41756415367126465
0.5381234288215637
0.45749109983444214
0.5580649971961975
0.424309104681015
0.5293643474578857
0.46625757217407227
0.5858932733535767
0.4343506693840027
0.5830813050270081
0.44837015867233276
0.5858012437820435
0.4386822283267975
0.6449795961380005
0.45012420415878296
0.6475099921226501
0.4405519366264343
0.6999572515487671
0.4452567994594574
0.7070525884628296
0.0
0.0
0.0
0.0
0.0
0.0
0.0
0.0
0.4489530026912689
0.4902421832084656
0.4318608343601227
0.5159211754798889
0.45478352904319763
0.5184729099273682
0.42112550139427185
0.5415717363357544
0.4598156809806824
0.5595583319664001
0.4264589250087738
0.5401784777641296
0.47234073281288147
0.5869802832603455
0.4388295114040375
0.5872520804405212
0.4525277018547058
0.5882022380828857
0.44279757142066956
0.6501647233963013
0.452338308095932
0.6476216912269592
0.4473665654659271
0.7060782313346863
0.44637855887413025
0.7048467993736267
0.0
0.0
0.0
0.0
0.0
0.0
0.0
0.0
0.4490920901298523
0.4906962811946869
0.43167948722839355
0.5156396627426147
0.4548514783382416
0.5187048316001892
0.4210328161716461
0.5404080152511597
0.4597920775413513
0.5598843097686768
0.426146924495697
0.5409594774246216
0.47253409028053284
0.5874618291854858
0.4383227825164795
0.5879286527633667
0.4521157145500183
0.5890244841575623
0.44232040643692017
0.6499357223510742
0.4518660604953766
0.6482875347137451
0.4462420344352722
0.705625593662262
0.4461735785007477
0.7056272625923157
0.0
0.0
0.0
0.0
0.0
0.0
0.0
0.0
0.4517841935157776
0.49307936429977417
0.4333276152610779
0.5188188552856445
0.4564115107059479
0.5218197107315063
0.425107479095459
0.5428725481033325
0.46225541830062866
0.5614530444145203
0.4300926625728607
0.5436992645263672
0.4731897711753845
0.5883533954620361
0.4414830207824707
0.5917119979858398
0.45565325021743774
0.5926589369773865
0.4464706778526306
0.6529031991958618
0.4583522379398346
0.6489841938018799
0.45195287466049194
0.7076594233512878
0.45169252157211304
0.7033952474594116
0.0
0.0
0.0
0.0
0.0
0.0
0.0
0.0
0.4549914002418518
0.4967845380306244
0.4394187927246094
0.5262869596481323
0.4607200622558594
0.5286688208580017
0.42953163385391235
0.5450360178947449
0.4698761999607086
0.5683691501617432
0.43342334032058716
0.5248263478279114
0.47805505990982056
0.5924682021141052
0.44711509346961975
0.602490246295929
0.45944419503211975
0.6031753420829773
0.45443692803382874
0.6672185063362122
0.46089687943458557
0.6615127325057983
0.46079427003860474
0.7270392775535583
0.45906320214271545
0.720265805721283
0.0
0.0
0.0
0.0
0.0
0.0
0.0
0.0
0.4579756259918213
0.5016509294509888
0.44279998540878296
0.5283998847007751
0.4638919234275818
0.5322543382644653
0.4329560399055481
0.5411194562911987
0.4733392596244812
0.5680448412895203
0.43737488985061646
0.5189396142959595
0.4816785454750061
0.5899098515510559
0.45088285207748413
0.6042830348014832
0.46318620443344116
0.6056117415428162
0.4567011892795563
0.6692384481430054
0.46408000588417053
0.6640973687171936
0.46267595887184143
0.7286450862884521
0.4629612863063812
0.7222504615783691
0.0
0.0
0.0
0.0
0.0
0.0
0.0
0.0
0.461855411529541
0.5021480917930603
0.445573627948761
0.5308774709701538
0.4691042900085449
0.5303342342376709
0.43488645553588867
0.5488306283950806
0.47899237275123596
0.5650666952133179
0.43974941968917847
0.5269191265106201
0.4876984655857086
0.5869476199150085
0.4544079303741455
0.6052525043487549
0.46885544061660767
0.6045690774917603
0.4583919644355774
0.6716423034667969
0.47206735610961914
0.662485659122467
0.461338609457016
0.7316769361495972
0.4697837233543396
0.7205861210823059
0.0
0.0
0.0
0.0
0.0
0.0
0.0
0.0
0.4684995710849762
0.5003166198730469
0.44802412390708923
0.5297008156776428
0.47410812973976135
0.5285303592681885
0.4373670518398285
0.5554384589195251
0.48405614495277405
0.5627211332321167
0.0
0.0
0.4927935004234314
0.5849089622497559
0.45629701018333435
0.6061708927154541
0.4732453227043152
0.606332004070282
0.4593321681022644
0.6711854934692383
0.4785396158695221
0.6675301194190979
0.4619041383266449
0.7297787070274353
0.47715163230895996
0.7290418744087219
0.0
0.0
0.0
0.0
0.0
0.0
0.0
0.0
0.46849265694618225
0.5003294348716736
0.448059618473053
0.529687225818634
0.47411537170410156
0.5285125970840454
0.4374000132083893
0.5553369522094727
0.48409825563430786
0.5627354979515076
0.0
0.0
0.4928417205810547
0.5847604274749756
0.45633167028427124
0.6061433553695679
0.47325268387794495
0.6062978506088257
0.45936450362205505
0.6711569428443909
0.47853079438209534
0.6674883365631104
0.4619128704071045
0.7297975420951843
0.4771515727043152
0.7290830612182617
0.0
0.0
0.0
0.0
0.0
0.0
0.0
0.0
0.4729979932308197
0.4987521171569824
0.45305711030960083
0.5286898016929626
0.47919899225234985
0.5255356431007385
0.4402826428413391
0.5508068799972534
0.48971134424209595
0.5590720176696777
0.4452208876609802
0.5388326644897461
0.49710211157798767
0.5867446660995483
0.46029776334762573
0.6055684685707092
0.4774373471736908
0.6038798093795776
0.46168047189712524
0.6749165654182434
0.4837067127227783
0.665870726108551
0.463279664516449
0.7368792295455933
0.4858364462852478
0.7271435856819153
0.0
0.0
0.0
0.0
0.0
0.0
0.0
0.0
0.4779048562049866
0.49879947304725647
0.45667654275894165
0.5288295149803162
0.4847220480442047
0.5269151926040649
0.4422605037689209
0.5534870624542236
0.49468764662742615
0.5632597804069519
0.4458249509334564
0.5464444756507874
0.5005549192428589
0.5892564654350281
0.4633336663246155
0.606203019618988
0.4822905659675598
0.6051297783851624
0.4630155563354492
0.673408567905426
0.49040818214416504
0.6658726334571838
0.46233445405960083
0.735963761806488
0.49370551109313965
0.7269202470779419
0.0
0.0
0.0
0.0
0.0
0.0
0.0
0.0
0.48237624764442444
0.5015197992324829
0.4599463939666748
0.5315505266189575
0.48919209837913513
0.5297200083732605
0.4438028335571289
0.5581741333007812
0.4990972578525543
0.5668618679046631
0.44600075483322144
0.5616083145141602
0.5048530101776123
0.5956704020500183
0.4653501510620117
0.6131211519241333
0.48567280173301697
0.6114994287490845
0.46418747305870056
0.6788486838340759
0.49539023637771606
0.6731328964233398
0.4605458676815033
0.7414026260375977
0.5017616152763367
0.7362240552902222
0.0
0.0
0.0
0.0
0.0
0.0
0.0
0.0
0.0
0.0
0.4691561758518219
0.5485098361968994
0.4968312382698059
0.5526924133300781
0.4495851397514343
0.5649329423904419
0.5033851861953735
0.5862925052642822
0.443676620721817
0.573052704334259
0.5096561312675476
0.6082324385643005
0.469733327627182
0.6220736503601074
0.48985782265663147
0.6227172613143921
0.46389031410217285
0.6852373480796814
0.5045645236968994
0.6818822026252747
0.45733076333999634
0.7494122982025146
0.5120363235473633
0.7424222230911255
0.0
0.0
0.0
0.0
0.0
0.0
0.48060816526412964
0.535672664642334
0.4933246076107025
0.5355969667434692
0.47128137946128845
0.5567894577980042
0.4987403452396393
0.5616332292556763
0.45182833075523376
0.5815008878707886
0.5063629746437073
0.5990491509437561
0.4390128552913666
0.609099805355072
0.5143714547157288
0.6204162836074829
0.4713153839111328
0.6286333799362183
0.49146586656570435
0.6296783685684204
0.4680705964565277
0.6916739344596863
0.5089113712310791
0.6889503598213196
0.45928677916526794
0.7578026652336121
0.5174882411956787
0.7488417029380798
0.0
0.0
0.0
0.0
0.0
0.0
0.4805377125740051
0.535676896572113
0.49333876371383667
0.5356327891349792
0.4711340069770813
0.5567439794540405
0.49873027205467224
0.5616514682769775
0.45171332359313965
0.5813767910003662
0.5063677430152893
0.5991176962852478
0.4392918050289154
0.6087459921836853
0.5143886804580688
0.6203821897506714
0.4711504578590393
0.628659725189209
0.49138960242271423
0.629741907119751
0.46802085638046265
0.6916525363922119
0.5088750123977661
0.6889677047729492
0.45931190252304077
0.7577375769615173
0.5174094438552856
0.7488167881965637
0.0
0.0
0.0
0.0
0.0
0.0
0.48180752992630005
0.5389652848243713
0.49515995383262634
0.5394361615180969
0.4734651446342468
0.564874529838562
0.5005804300308228
0.5701760649681091
0.4574197232723236
0.5955480933189392
0.5106058120727539
0.6090496778488159
0.4498620629310608
0.6228495836257935
0.5234642028808594
0.6291488409042358
0.4746364653110504
0.6374720335006714
0.4955650866031647
0.6399129033088684
0.468210369348526
0.6957591772079468
0.5150184035301208
0.6991337537765503
0.45759639143943787
0.7563506364822388
0.5268903374671936
0.7589898705482483
0.0
0.0
0.0
0.0
0.0
0.0
0.0
0.0
0.5009341239929199
0.5438718795776367
0.47946882247924805
0.5687812566757202
0.5060542821884155
0.5758469700813293
0.4672147333621979
0.6032759547233582
0.5172923803329468
0.6158566474914551
0.4619993567466736
0.6367836594581604
0.5281413197517395
0.6327547430992126
0.47882381081581116
0.6427953243255615
0.5003459453582764
0.645825982093811
0.4689989984035492
0.6973505020141602
0.5219701528549194
0.7013537883758545
0.4569529891014099
0.7563958168029785
0.5342386960983276
0.7594359517097473
0.0
0.0
0.0
0.0
0.0
0.0
0.4983385503292084
0.5444760918617249
0.5114155411720276
0.54609614610672
0.48802128434181213
0.5712870955467224
0.5139395594596863
0.5770132541656494
0.4760192036628723
0.610313892364502
0.522851824760437
0.6153532862663269
0.46924009919166565
0.6498762965202332
0.53631591796875
0.6441810131072998
0.4846929907798767
0.6448355913162231
0.5061753988265991
0.6483569145202637
0.4724123477935791
0.697033703327179
0.5275546312332153
0.7054951786994934
0.45824098587036133
0.7576503157615662
0.5401036143302917
0.76912522315979
0.0
0.0
0.0
0.0
0.0
0.0
0.5049567818641663
0.5488119125366211
0.5199579000473022
0.5513895750045776
0.49487820267677307
0.5767315626144409
0.523463249206543
0.5837957859039307
0.48243197798728943
0.6185166835784912
0.5317442417144775
0.6234065890312195
0.4769558012485504
0.6528729796409607
0.5386973023414612
0.656286358833313
0.49272817373275757
0.6428224444389343
0.5156583189964294
0.6483178734779358
0.47987064719200134
0.6953801512718201
0.5333975553512573
0.7122461199760437
0.46162867546081543
0.750278651714325
0.5400997400283813
0.7771866917610168
0.0
0.0
0.0
0.0
0.0
0.0
0.514987587928772
0.5464457869529724
0.5268970131874084
0.5483332872390747
0.5063678026199341
0.5743197798728943
0.5289760231971741
0.5787987112998962
0.49247846007347107
0.6102930903434753
0.5337163209915161
0.6152318120002747
0.0
0.0
0.5431346297264099
0.6438661217689514
0.501316249370575
0.6428296566009521
0.5201826691627502
0.6466508507728577
0.49160927534103394
0.6952919960021973
0.5392248034477234
0.7089277505874634
0.47185343503952026
0.7462625503540039
0.5405989289283752
0.7705537676811218
0.0
0.0
0.0
0.0
0.0
0.0
0.5149881839752197
0.5464149117469788
0.5269112586975098
0.5483139157295227
0.5063660144805908
0.5742984414100647
0.5289815664291382
0.5788029432296753
0.492471843957901
0.6102913022041321
0.5337363481521606
0.6152627468109131
0.0
0.0
0.5431455373764038
0.6439181566238403
0.501325249671936
0.6428340673446655
0.5201915502548218
0.6466724276542664
0.49163827300071716
0.695257842540741
0.5392230749130249
0.7089323997497559
0.4718788266181946
0.7462297081947327
0.5405932664871216
0.7705894708633423
0.0
0.0
0.0
0.0
0.0
0.0
0.5244047045707703
0.5390307307243347
0.5368669629096985
0.541877806186676
0.5152648091316223
0.5686236619949341
0.5385603904724121
0.5763158202171326
0.5011784434318542
0.6023988723754883
0.5425646901130676
0.6126824021339417
0.5037436485290527
0.6287010312080383
0.5493455529212952
0.6446768641471863
0.5097954273223877
0.6410744786262512
0.5283146500587463
0.6466347575187683
0.5022133588790894
0.6924874186515808
0.5427240133285522
0.7096583843231201
0.48374873399734497
0.7441450953483582
0.5420376658439636
0.7723545432090759
0.0
0.0
0.0
0.0
0.0
0.0
0.0
0.0
0.5437108874320984
0.5418058633804321
0.5195760726928711
0.5675631761550903
0.5417155027389526
0.5735252499580383
0.5072715282440186
0.6050691604614258
0.5453761219978333
0.6127337217330933
0.0
0.0
0.5542908906936646
0.6469913721084595
0.5169128179550171
0.6411558985710144
0.5334092378616333
0.6460446119308472
0.5153388381004333
0.6936018466949463
0.5435903668403625
0.7066556215286255
0.5019333958625793
0.7454848289489746
0.5437494516372681
0.7690508365631104
0.0
0.0
0.0
0.0
0.0
0.0
0.0
0.0
0.551833987236023
0.5329219698905945
0.5283311605453491
0.5619868636131287
0.5495052933692932
0.5667519569396973
0.5136730670928955
0.5977097153663635
0.5506579875946045
0.6088517308235168
0.518053412437439
0.628883421421051
0.5536521673202515
0.6425184607505798
0.525982141494751
0.6346272230148315
0.5409551858901978
0.6377593874931335
0.5264315605163574
0.6973155736923218
0.5473111867904663
0.7016220092773438
0.5169095396995544
0.7553263902664185
0.5481560230255127
0.760593056678772
0.0
0.0
0.0
0.0
0.0
0.0
0.0
0.0
0.551833987236023
0.5329219698905945
0.5283311605453491
0.5619868636131287
0.5495052933692932
0.5667519569396973
0.5136730670928955
0.5977097153663635
0.5506579875946045
0.6088517308235168
0.518053412437439
0.628883421421051
0.5536521673202515
0.6425184607505798
0.525982141494751
0.6346272230148315
0.5409551858901978
0.6377593874931335
0.5264315605163574
0.6973155736923218
0.5473111867904663
0.7016220092773438
0.5169095396995544
0.7553263902664185
0.5481560230255127
0.760593056678772
0.0
0.0
0.0
0.0
0.0
0.0
0.0
0.0
0.551833987236023
0.5329219698905945
0.5283311605453491
0.5619868636131287
0.5495052933692932
0.5667519569396973
0.5136730670928955
0.5977097153663635
0.5506579875946045
0.6088517308235168
0.518053412437439
0.628883421421051
0.5536521673202515
0.6425184607505798
0.525982141494751
0.6346272230148315
0.5409551858901978
0.6377593874931335
0.5264315605163574
0.6973155736923218
0.5473111867904663
0.7016220092773438
0.5169095396995544
0.7553263902664185
0.5481560230255127
0.760593056678772
0.0
0.0
0.0
0.0
0.0
0.0
0.0
0.0
0.551833987236023
0.5329219698905945
0.5283311605453491
0.5619868636131287
0.5495052933692932
0.5667519569396973
0.5136730670928955
0.5977097153663635
0.5506579875946045
0.6088517308235168
0.518053412437439
0.628883421421051
0.5536521673202515
0.6425184607505798
0.525982141494751
0.6346272230148315
0.5409551858901978
0.6377593874931335
0.5264315605163574
0.6973155736923218
0.5473111867904663
0.7016220092773438
0.5169095396995544
0.7553263902664185
0.5481560230255127
0.760593056678772
0.0
0.0
0.0
0.0
0.0
0.0
0.0
0.0
0.551833987236023
0.5329219698905945
0.5283311605453491
0.5619868636131287
0.5495052933692932
0.5667519569396973
0.5136730670928955
0.5977097153663635
0.5506579875946045
0.6088517308235168
0.518053412437439
0.628883421421051
0.5536521673202515
0.6425184607505798
0.525982141494751
0.6346272230148315
0.5409551858901978
0.6377593874931335
0.5264315605163574
0.6973155736923218
0.5473111867904663
0.7016220092773438
0.5169095396995544
0.7553263902664185
0.5481560230255127
0.760593056678772
0.0
0.0
0.0
0.0
0.0
0.0
0.0
0.0
0.551833987236023
0.5329219698905945
0.5283311605453491
0.5619868636131287
0.5495052933692932
0.5667519569396973
0.5136730670928955
0.5977097153663635
0.5506579875946045
0.6088517308235168
0.518053412437439
0.628883421421051
0.5536521673202515
0.6425184607505798
0.525982141494751
0.6346272230148315
0.5409551858901978
0.6377593874931335
0.5264315605163574
0.6973155736923218
0.5473111867904663
0.7016220092773438
0.5169095396995544
0.7553263902664185
0.5481560230255127
0.760593056678772
0.0
0.0
0.0
0.0
0.0
0.0
0.0
0.0
0.0
0.0
0.5252664089202881
0.56768798828125
0.5500447750091553
0.5702449679374695
0.516016960144043
0.5939375758171082
0.5534453392028809
0.5977619290351868
0.0
0.0
0.0
0.0
0.5267202854156494
0.633962094783783
0.5429307818412781
0.6354491114616394
0.528945803642273
0.6992673873901367
0.5429813265800476
0.7004939317703247
0.5289991497993469
0.7619994878768921
0.539289116859436
0.7643705606460571
0.5954521894454956
0.5640556216239929
0.0
0.0
0.5923715829849243
0.5588564276695251
0.0
0.0
0.582121729850769
0.5618044137954712
0.578441858291626
0.5924443006515503
0.5754588842391968
0.5964623093605042
0.0
0.0
0.5783979892730713
0.646007776260376
0.0
0.0
0.5956554412841797
0.6665286421775818
0.5833510160446167
0.6779000163078308
0.5816255807876587
0.6839640140533447
0.5885313749313354
0.7341102361679077
0.5861999988555908
0.7490195631980896
0.5893900990486145
0.7923594117164612
0.5859937071800232
0.8189895749092102
0.5987764000892639
0.568141758441925
0.0
0.0
0.5963687896728516
0.5625444650650024
0.0
0.0
0.5879215002059937
0.5638676285743713
0.5822669863700867
0.5952541828155518
0.580486536026001
0.5995244383811951
0.0
0.0
0.5838780999183655
0.6499274969100952
0.0
0.0
0.5986957550048828
0.6694356203079224
0.5823026299476624
0.6780933737754822
0.5835517048835754
0.6829432249069214
0.5819574594497681
0.7387123107910156
0.5940897464752197
0.7482685446739197
0.571344256401062
0.7983977198600769
0.6032717823982239
0.8150305151939392
0.5987525582313538
0.5680137872695923
0.0
0.0
0.5963550209999084
0.5624477863311768
0.0
0.0
0.5879672169685364
0.5638231635093689
0.5822877287864685
0.5952050685882568
0.5805692076683044
0.5994693040847778
0.0
0.0
0.5839201807975769
0.6498959064483643
0.0
0.0
0.5986651182174683
0.6695122718811035
0.5823755860328674
0.6781761050224304
0.5836474299430847
0.6829968690872192
0.582048773765564
0.7389569878578186
0.5941025018692017
0.7484056949615479
0.571511447429657
0.7986596822738647
0.6032283306121826
0.815104603767395
0.6016536355018616
0.5776177048683167
0.0
0.0
0.5995289087295532
0.5719495415687561
0.0
0.0
0.593127965927124
0.5721364617347717
0.5890576839447021
0.5993472337722778
0.58436119556427
0.6045321226119995
0.0
0.0
0.5850611925125122
0.6508188247680664
0.0
0.0
0.6023082733154297
0.6714620590209961
0.5886403918266296
0.6784923076629639
0.5859615802764893
0.6845124959945679
0.6011939644813538
0.7334684729576111
0.5979517698287964
0.7450660467147827
0.5954086780548096
0.7897992730140686
0.6006402373313904
0.807603120803833
0.6074956655502319
0.5779271721839905
0.0
0.0
0.6047458052635193
0.5724591612815857
0.0
0.0
0.5979764461517334
0.5728356242179871
0.5973171591758728
0.6010416150093079
0.5895258188247681
0.604695200920105
0.5950740575790405
0.6490354537963867
0.5883793234825134
0.6501769423484802
0.608662486076355
0.6700279116630554
0.6073909401893616
0.675224244594574
0.5955914855003357
0.6846786737442017
0.5917905569076538
0.6908919215202332
0.603567898273468
0.742850661277771
0.6071213483810425
0.7585498094558716
0.5884554982185364
0.7944046258926392
0.6123295426368713
0.8208675980567932
0.0
0.0
0.0
0.0
0.0
0.0
0.0
0.0
0.6089612245559692
0.5853901505470276
0.6088294982910156
0.6136190891265869
0.5985260605812073
0.6147733330726624
0.6131048202514648
0.6569036841392517
0.5941751599311829
0.6528427004814148
0.6216336488723755
0.6687604784965515
0.6152436137199402
0.6715779900550842
0.602660059928894
0.6938434839248657
0.597347617149353
0.6982144713401794
0.6104499697685242
0.7497283220291138
0.6131125688552856
0.7638949751853943
0.5974069237709045
0.8059907555580139
0.6198942065238953
0.8327072858810425
0.6120962500572205
0.6083499193191528
0.0
0.0
0.6100178360939026
0.6020685434341431
0.0
0.0
0.6068434715270996
0.6014972925186157
0.6137175559997559
0.6284570097923279
0.6000733971595764
0.6303505897521973
0.6183974146842957
0.6647821664810181
0.5997108817100525
0.665185272693634
0.622930109500885
0.6702497005462646
0.6165210604667664
0.6679550409317017
0.6078787446022034
0.6980338096618652
0.6000668406486511
0.7020139694213867
0.614914059638977
0.7483305335044861
0.615796685218811
0.7606741786003113
0.6011215448379517
0.8016290664672852
0.6166978478431702
0.8216276168823242
0.6230016946792603
0.5939569473266602
0.6251255869865417
0.5886779427528381
0.6198446750640869
0.5879023671150208
0.0
0.0
0.6126176118850708
0.5899948477745056
0.6249210834503174
0.6228180527687073
0.6046007871627808
0.6213542819023132
0.0
0.0
0.6035707592964172
0.661504328250885
0.6289762258529663
0.6688683032989502
0.6204666495323181
0.6691829562187195
0.619816243648529
0.700222373008728
0.6067930459976196
0.7010783553123474
0.6239317059516907
0.7606677412986755
0.6199025511741638
0.7621068358421326
0.6181585192680359
0.8214675188064575
0.6184215545654297
0.8251792192459106
0.6229091882705688
0.5941543579101562
0.6250522136688232
0.5889020562171936
0.6197818517684937
0.5881041884422302
0.0
0.0
0.6126312017440796
0.5901620388031006
0.6249013543128967
0.6229285001754761
0.6045421361923218
0.6214298605918884
0.0
0.0
0.6035680174827576
0.6615488529205322
0.6289712190628052
0.6690125465393066
0.6204738616943359
0.6691879034042358
0.6197485327720642
0.7003538608551025
0.6066944003105164
0.7012163996696472
0.6239433288574219
0.7607275247573853
0.6198896765708923
0.7622526288032532
0.6181493997573853
0.8213773965835571
0.618395209312439
0.8252517580986023
0.6296757459640503
0.5946407318115234
0.0
0.0
0.6275825500488281
0.5893892049789429
0.0
0.0
0.6208390593528748
0.5912674069404602
0.6245718002319336
0.6215516924858093
0.6101886034011841
0.6224384903907776
0.6261466145515442
0.6639171242713928
0.6094706654548645
0.6633259057998657
0.6294859647750854
0.6682306528091431
0.6252204179763794
0.6636759638786316
0.6219837069511414
0.7002180218696594
0.6115741729736328
0.7038475275039673
0.6348618865013123
0.7587034702301025
0.6228823661804199
0.7662440538406372
0.6265683174133301
0.8178050518035889
0.6203588247299194
0.8296836614608765
0.0
0.0
0.0
0.0
0.0
0.0
0.0
0.0
0.6177151203155518
0.6071067452430725
0.6281272172927856
0.6341722011566162
0.6106442809104919
0.6345514059066772
0.6309925317764282
0.6717928647994995
0.6123170852661133
0.6746320724487305
0.6288755536079407
0.6591841578483582
0.620827317237854
0.6564955711364746
0.6249991655349731
0.7102221250534058
0.6123334169387817
0.7119496464729309
0.6407200694084167
0.7653462886810303
0.6300979852676392
0.7684369683265686
0.6376076936721802
0.8224151730537415
0.6205207109451294
0.8268072605133057
0.6412290930747986
0.6020681858062744
0.0
0.0
0.6383501291275024
0.595982015132904
0.0
0.0
0.6294877529144287
0.5991547703742981
0.6353617906570435
0.6332066059112549
0.618733286857605
0.6308818459510803
0.6330565214157104
0.6847587823867798
0.616536021232605
0.6671024560928345
0.633010983467102
0.7277922034263611
0.6290599703788757
0.6565075516700745
0.6283450126647949
0.7128306031227112
0.6155093312263489
0.7141916751861572
0.64394211769104
0.7689534425735474
0.6295860409736633
0.7711793780326843
0.6448419690132141
0.8324071168899536
0.6181020140647888
0.8307633399963379
0.6435723900794983
0.6012676954269409
0.0
0.0
0.6401659250259399
0.5958390235900879
0.0
0.0
0.6289075016975403
0.604592502117157
0.6335656046867371
0.6405148506164551
0.6224185228347778
0.6375555396080017
0.0
0.0
0.6236152648925781
0.6415676474571228
0.6411833763122559
0.6091090440750122
0.6310509443283081
0.6155151128768921
0.6317275762557983
0.7187957763671875
0.6244504451751709
0.7191317081451416
0.6402002573013306
0.780608594417572
0.6414057016372681
0.7791613936424255
0.634781002998352
0.8360003232955933
0.6465563178062439
0.8364448547363281
0.6367778778076172
0.6278862357139587
0.0
0.0
0.6331666707992554
0.6241351366043091
0.0
0.0
0.6254037022590637
0.6333158016204834
0.6369041204452515
0.6577310562133789
0.624520480632782
0.6591416597366333
0.641200065612793
0.6258375644683838
0.6273631453514099
0.6253268718719482
0.6398996114730835
0.5960235595703125
0.6343663334846497
0.5887089371681213
0.6374107599258423
0.7337502241134644
0.6287263631820679
0.7355802059173584
0.6454829573631287
0.786391019821167
0.6434842944145203
0.7895376682281494
0.6376386880874634
0.8348493576049805
0.6455318927764893
0.8397642970085144
0.628845751285553
0.6497886776924133
0.0
0.0
0.6252235770225525
0.6466956734657288
0.0
0.0
0.6196361780166626
0.65425705909729
0.6347644925117493
0.6684701442718506
0.622412383556366
0.6723584532737732
0.6418635845184326
0.6275843977928162
0.6270201206207275
0.630916953086853
0.6407329440116882
0.5967100858688354
0.6347101330757141
0.5928320288658142
0.6376402974128723
0.7358033061027527
0.6288715600967407
0.7382262945175171
0.6461769342422485
0.7865843176841736
0.6420539617538452
0.79011070728302
0.638774037361145
0.8345270752906799
0.6441265344619751
0.8392476439476013
0.6553817391395569
0.6085963249206543
0.0
0.0
0.6526302099227905
0.6032528877258301
0.0
0.0
0.6438087224960327
0.6086166501045227
0.645606517791748
0.6310418248176575
0.6337888836860657
0.6360288262367249
0.0
0.0
0.6230760812759399
0.623197078704834
0.0
0.0
0.6300889253616333
0.5916503071784973
0.6424770355224609
0.7259683609008789
0.6320105195045471
0.7290988564491272
0.6599398851394653
0.7929262518882751
0.6463679671287537
0.7916802167892456
0.6591739654541016
0.8493435382843018
0.6344379186630249
0.8420042395591736
0.6416754722595215
0.646294891834259
0.0
0.0
0.0
0.0
0.0
0.0
0.6353435516357422
0.6452131271362305
0.6459969878196716
0.6706132888793945
0.6318462491035461
0.6689460873603821
0.6471623182296753
0.6865019202232361
0.624422013759613
0.6685963869094849
0.6465721130371094
0.6963667869567871
0.6276776194572449
0.635239839553833
0.6469136476516724
0.748302698135376
0.6352304816246033
0.7495192885398865
0.6696439981460571
0.8007170557975769
0.648661196231842
0.8003264665603638
0.6683014631271362
0.8544080853462219
0.6287130117416382
0.8485296368598938
0.0
0.0
0.0
0.0
0.0
0.0
0.0
0.0
0.0
0.0
0.652448296546936
0.658514678478241
0.6326826214790344
0.6612821221351624
0.6529949307441711
0.6611080169677734
0.6255645155906677
0.6770815849304199
0.6482018232345581
0.6352488994598389
0.6317580938339233
0.6542105674743652
0.6495398283004761
0.7409849166870117
0.6340563893318176
0.7436609268188477
0.6696106791496277
0.7984068393707275
0.648495078086853
0.7990162968635559
0.6709909439086914
0.8608290553092957
0.6288197636604309
0.8590340614318848
0.666012167930603
0.6327313184738159
0.0
0.0
0.6630682349205017
0.6274674534797668
0.0
0.0
0.653628945350647
0.6321023106575012
0.6612951755523682
0.6566987633705139
0.6405388712882996
0.6540026068687439
0.6568640470504761
0.6267966628074646
0.6369593739509583
0.6264405846595764
0.6484118103981018
0.5866162776947021
0.6420043706893921
0.5780725479125977
0.6547983884811401
0.7435309290885925
0.6377124786376953
0.7442050576210022
0.6707156300544739
0.8031256198883057
0.6518170237541199
0.8036354780197144
0.6700831651687622
0.864396333694458
0.6313170194625854
0.8653941750526428
0.670148491859436
0.6376549005508423
0.0
0.0
0.6670072674751282
0.6317768096923828
0.0
0.0
0.656859815120697
0.6325204968452454
0.6678696870803833
0.6619182825088501
0.6402202844619751
0.6582390666007996
0.0
0.0
0.6301582455635071
0.6756344437599182
0.0
0.0
0.6341365575790405
0.6487919688224792
0.6570361852645874
0.7456934452056885
0.6375032663345337
0.7477731704711914
0.672855019569397
0.8004357218742371
0.6509836316108704
0.8074692487716675
0.6701399087905884
0.8639453649520874
0.6372261643409729
0.8752396702766418
0.6702671051025391
0.6376360654830933
0.0
0.0
0.6671248078346252
0.6317548751831055
0.0
0.0
0.6570777893066406
0.6326480507850647
0.6680315136909485
0.6621078252792358
0.6405560970306396
0.6584733128547668
0.0
0.0
0.6306085586547852
0.6746147871017456
0.0
0.0
0.6342867016792297
0.6469978094100952
0.657042384147644
0.7458212375640869
0.6375991702079773
0.747906506061554
0.6728250980377197
0.8003273010253906
0.6510078310966492
0.8074963092803955
0.6702120304107666
0.8637898564338684
0.6372550129890442
0.8752859234809875
0.0
0.0
0.0
0.0
0.0
0.0
0.0
0.0
0.6400958299636841
0.6375328898429871
0.6560072302818298
0.6653531193733215
0.6346126794815063
0.6659899353981018
0.6590113639831543
0.6969226598739624
0.6314742565155029
0.687718391418457
0.0
0.0
0.6392463445663452
0.6660476326942444
0.6520425081253052
0.749607264995575
0.6364094018936157
0.7530704736709595
0.6716015934944153
0.7982157468795776
0.6491051316261292
0.8123053908348083
0.6695153117179871
0.8570374250411987
0.6422391533851624
0.8842546939849854
0.6606162786483765
0.6569424271583557
0.0
0.0
0.6579588055610657
0.651831328868866
0.0
0.0
0.6498050093650818
0.6524894833564758
0.6566987633705139
0.6705163717269897
0.6381492614746094
0.6735245585441589
0.6581145524978638
0.7013383507728577
0.6328533887863159
0.6929048299789429
0.656640887260437
0.7029567360877991
0.6433976888656616
0.6723398566246033
0.6519564986228943
0.7469146847724915
0.6380865573883057
0.7520636916160583
0.6700609922409058
0.800232470035553
0.6479357481002808
0.8136209845542908
0.667284369468689
0.8659558892250061
0.6411304473876953
0.8862103819847107
0.6735240817070007
0.6577466130256653
0.0
0.0
0.6701006889343262
0.6521462202072144
0.0
0.0
0.6597651839256287
0.6548433899879456
0.6620408892631531
0.6778711080551147
0.6468265652656555
0.6784495115280151
0.6612498760223389
0.7259715795516968
0.6328107118606567
0.6910753846168518
0.666816771030426
0.7623080015182495
0.6413114070892334
0.6696133017539978
0.6468552350997925
0.7507597208023071
0.6352083086967468
0.7575505375862122
0.6732234358787537
0.7941725850105286
0.6498774290084839
0.818058967590332
0.6696491241455078
0.8605567216873169
0.642292857170105
0.8982282280921936
0.6773598194122314
0.667161226272583
0.0
0.0
0.6738929748535156
0.6615021228790283
0.0
0.0
0.6639465093612671
0.6629551649093628
0.6680612564086914
0.6853850483894348
0.6482588052749634
0.688353419303894
0.6614302396774292
0.7341569066047668
0.634141743183136
0.7344804406166077
0.6675952672958374
0.7699251174926758
0.6486814022064209
0.7725735902786255
0.6471060514450073
0.7561167478561401
0.6322680115699768
0.7622178792953491
0.6733859777450562
0.7993400692939758
0.651183009147644
0.818314254283905
0.6663445830345154
0.8655577898025513
0.6426711082458496
0.8986234068870544
0.0
0.0
0.0
0.0
0.0
0.0
0.0
0.0
0.6547538042068481
0.6934502720832825
0.6501723527908325
0.7105507850646973
0.6419947147369385
0.7126051187515259
0.6475207805633545
0.7518087029457092
0.6384060978889465
0.7574657201766968
0.6603992581367493
0.7801063656806946
0.6552866697311401
0.7917318344116211
0.6392426490783691
0.7717387676239014
0.6321793794631958
0.7772367596626282
0.6712992787361145
0.8047029972076416
0.6550348401069641
0.818288266658783
0.6659008264541626
0.8702355027198792
0.6435399055480957
0.8934970498085022
0.0
0.0
0.0
0.0
0.0
0.0
0.0
0.0
0.6547065377235413
0.6933201551437378
0.6502400636672974
0.710432767868042
0.6420770287513733
0.7124567031860352
0.6475387215614319
0.751646101474762
0.6383287310600281
0.7572639584541321
0.660356342792511
0.7799975872039795
0.6550706624984741
0.7916394472122192
0.6392450928688049
0.7714470624923706
0.6321858763694763
0.7769109010696411
0.6713303923606873
0.8046469688415527
0.6550564169883728
0.8182199001312256
0.6659682393074036
0.8701057434082031
0.6434091925621033
0.8933940529823303
0.673535943031311
0.6895630955696106
0.0
0.0
0.67109614610672
0.6833564639091492
0.0
0.0
0.6625133752822876
0.6840609908103943
0.6587554216384888
0.7073962092399597
0.6497591733932495
0.7106131911277771
0.0
0.0
0.6435221433639526
0.7574977278709412
0.0
0.0
0.6557994484901428
0.7937183976173401
0.6399098038673401
0.7704521417617798
0.6326677203178406
0.7748655676841736
0.6677416563034058
0.8175093531608582
0.6579205989837646
0.8274425864219666
0.6539591550827026
0.8783180117607117
0.6420003175735474
0.896213173866272
0.6752513647079468
0.6928707361221313
0.0
0.0
0.672713577747345
0.6867399215698242
0.0
0.0
0.6635920405387878
0.6840970516204834
0.6620374321937561
0.7034618854522705
0.6510332822799683
0.7034657597541809
0.0
0.0
0.6447158455848694
0.7456508278846741
0.0
0.0
0.6537002325057983
0.7893292903900146
0.643722414970398
0.7682332992553711
0.6357529163360596
0.7709344625473022
0.6655599474906921
0.8251439332962036
0.6585210561752319
0.8329264521598816
0.6545993089675903
0.8786996006965637
0.6425024271011353
0.9001822471618652
0.6750218868255615
0.6958078145980835
0.0
0.0
0.6724973917007446
0.689450740814209
0.0
0.0
0.6632019877433777
0.6852827072143555
0.658955454826355
0.70091712474823
0.6485946774482727
0.7081568241119385
0.6630957722663879
0.7564436197280884
0.6564957499504089
0.7689807415008545
0.6832321882247925
0.7780914902687073
0.6821509599685669
0.779803991317749
0.6331010460853577
0.7621100544929504
0.6242820024490356
0.7705118656158447
0.6718958616256714
0.8013705015182495
0.6604250073432922
0.8235593438148499
0.6612386107444763
0.8638972640037537
0.6442745327949524
0.898807942867279
0.6736940145492554
0.6926440596580505
0.0
0.0
0.6722264885902405
0.6870226263999939
0.0
0.0
0.66523277759552
0.6842263340950012
0.6408185362815857
0.6868941187858582
0.6575731039047241
0.7087119221687317
0.6418914198875427
0.7204924821853638
0.6695250272750854
0.763708233833313
0.0
0.0
0.6874752044677734
0.7943992018699646
0.6115946173667908
0.7513110637664795
0.6205480098724365
0.7631480693817139
0.6543053984642029
0.8050394654273987
0.6568006873130798
0.8241342902183533
0.6498454213142395
0.8746199607849121
0.6412246823310852
0.8983120322227478
0.0
0.0
0.0
0.0
0.0
0.0
0.0
0.0
0.6634417772293091
0.675581157207489
0.6356109976768494
0.6754822731018066
0.6547173261642456
0.7044446468353271
0.0
0.0
0.6621599793434143
0.7491203546524048
0.0
0.0
0.6730726957321167
0.7721645832061768
0.6075559854507446
0.750684380531311
0.6189984083175659
0.7658147215843201
0.6468191146850586
0.7955794334411621
0.6523616313934326
0.8202149868011475
0.6439811587333679
0.8624078631401062
0.6452272534370422
0.892673909664154
0.0
0.0
0.0
0.0
0.0
0.0
0.0
0.0
0.6634647846221924
0.6755875945091248
0.635663628578186
0.6756099462509155
0.6547572016716003
0.7044299840927124
0.0
0.0
0.6622713804244995
0.7491838335990906
0.0
0.0
0.6732040643692017
0.7718849182128906
0.6075959801673889
0.7506478428840637
0.6190014481544495
0.7657681107521057
0.6471516489982605
0.7961289882659912
0.6525360345840454
0.8208979368209839
0.6446124315261841
0.8629968166351318
0.6453903913497925
0.8935753703117371
0.0
0.0
0.0
0.0
0.0
0.0
0.0
0.0
0.6593638062477112
0.6611992716789246
0.63520348072052
0.6670618057250977
0.6495858430862427
0.6890894770622253
0.0
0.0
0.6469148397445679
0.7156394720077515
0.0
0.0
0.6468161940574646
0.6961835026741028
0.6112205386161804
0.7516168355941772
0.618958055973053
0.7634701132774353
0.64961838722229
0.8034460544586182
0.6495070457458496
0.8223342895507812
0.6409279108047485
0.8720231652259827
0.6431118249893188
0.8937209844589233
0.0
0.0
0.0
0.0
0.0
0.0
0.0
0.0
0.651346743106842
0.6549040079116821
0.6267659068107605
0.663498044013977
0.6459461450576782
0.6802376508712769
0.0
0.0
0.6445268392562866
0.7044388055801392
0.0
0.0
0.0
0.0
0.6085181832313538
0.7502174377441406
0.6197482943534851
0.7605826258659363
0.6417580246925354
0.8014000058174133
0.6505945324897766
0.8206809163093567
0.6301589012145996
0.8685922622680664
0.6440609693527222
0.8936966061592102
0.0
0.0
0.0
0.0
0.0
0.0
0.0
0.0
0.6450926065444946
0.6499314904212952
0.6183440685272217
0.6644870042800903
0.6409331560134888
0.6826807856559753
0.5950953364372253
0.6715704202651978
0.6284558176994324
0.7104514241218567
0.5977839231491089
0.6617631316184998
0.0
0.0
0.6034749746322632
0.7552807927131653
0.6195783019065857
0.7666258811950684
0.6249064207077026
0.7989951372146606
0.6498924493789673
0.8213886618614197
0.6119909882545471
0.8617886304855347
0.6453103423118591
0.8935729265213013
0.0
0.0
0.0
0.0
0.0
0.0
0.0
0.0
0.6343694925308228
0.6458799839019775
0.6106529831886292
0.6709389686584473
0.6345970630645752
0.673604428768158
0.5939435362815857
0.6970651149749756
0.6352512240409851
0.6874630451202393
0.0
0.0
0.0
0.0
0.5996749997138977
0.7596035599708557
0.6178035736083984
0.7633824944496155
0.6088780760765076
0.8099525570869446
0.6443608999252319
0.8211244344711304
0.5991372466087341
0.8759340047836304
0.6429413557052612
0.8970533609390259
0.0
0.0
0.0
0.0
0.0
0.0
0.0
0.0
0.6273256540298462
0.6407620906829834
0.604479193687439
0.6647021174430847
0.6273472905158997
0.6659040451049805
0.5923189520835876
0.684491753578186
0.6223412752151489
0.6636607050895691
0.590100109577179
0.6695314645767212
0.6031508445739746
0.6403793096542358
0.5983144640922546
0.7460147142410278
0.6169366836547852
0.7498894333839417
0.5981911420822144
0.8039166927337646
0.6365296244621277
0.8185490369796753
0.5833876132965088
0.863964319229126
0.6426371932029724
0.8918412327766418
0.0
0.0
0.0
0.0
0.0
0.0
0.0
0.0
0.6274778842926025
0.6408594846725464
0.6046659350395203
0.6647731065750122
0.6277037858963013
0.6661033034324646
0.59270179271698
0.6844175457954407
0.6225317120552063
0.66410231590271
0.5902066230773926
0.6689448952674866
0.6025480031967163
0.6412885189056396
0.5984140634536743
0.7458651065826416
0.617162823677063
0.7497679591178894
0.5982264280319214
0.8035478591918945
0.6364589929580688
0.8184302449226379
0.5836023092269897
0.8634332418441772
0.6426721811294556
0.8918225765228271
0.0
0.0
0.0
0.0
0.0
0.0
0.6093348264694214
0.6305843591690063
0.6237601041793823
0.6328467726707458
0.5992351770401001
0.659392774105072
0.625788152217865
0.6633903980255127
0.582192063331604
0.6948790550231934
0.6177424192428589
0.6874901652336121
0.5842694044113159
0.6782865524291992
0.0
0.0
0.5928526520729065
0.7390698790550232
0.6151615381240845
0.7427061200141907
0.5867950320243835
0.8096337914466858
0.6309421062469482
0.8217073082923889
0.5711731314659119
0.8797204494476318
0.642102062702179
0.8989193439483643
0.0
0.0
0.0
0.0
0.0
0.0
0.0
0.0
0.6151718497276306
0.6278834939002991
0.5915926098823547
0.6554663181304932
0.6182233095169067
0.6599382162094116
0.5762890577316284
0.6902841925621033
0.6174981594085693
0.6909340620040894
0.0
0.0
0.0
0.0
0.5855585336685181
0.7402456402778625
0.6075977683067322
0.742790162563324
0.5789084434509277
0.8131378293037415
0.6229764819145203
0.8203797340393066
0.5647587180137634
0.8823043704032898
0.6388133764266968
0.8939179182052612
0.0
0.0
0.0
0.0
0.0
0.0
0.5954404473304749
0.6210526823997498
0.6109482049942017
0.6219725012779236
0.5857427716255188
0.6487888693809509
0.6146658658981323
0.653958797454834
0.5702412128448486
0.6851986646652222
0.0
0.0
0.5692381262779236
0.6845716834068298
0.0
0.0
0.580291211605072
0.7333328127861023
0.6033354997634888
0.7358556389808655
0.5731133818626404
0.8083066940307617
0.6123449802398682
0.8155282139778137
0.5674397945404053
0.8787325620651245
0.6321317553520203
0.8889110088348389
0.0
0.0
0.0
0.0
0.0
0.0
0.5860344171524048
0.6181932091712952
0.60139000415802
0.6181626319885254
0.577149510383606
0.6448455452919006
0.607101321220398
0.646937370300293
0.5648673176765442
0.6696348190307617
0.0
0.0
0.0
0.0
0.0
0.0
0.5737752914428711
0.7303115725517273
0.5970802307128906
0.7317771911621094
0.5706560611724854
0.8048065304756165
0.606843888759613
0.810347855091095
0.5673162341117859
0.87730872631073
0.6221473813056946
0.8845492005348206
0.0
0.0
0.0
0.0
0.0
0.0
0.5829096436500549
0.6087440252304077
0.6001134514808655
0.6110888719558716
0.5728488564491272
0.6387122869491577
0.6046326756477356
0.6420254707336426
0.5631365180015564
0.6659888029098511
0.0
0.0
0.0
0.0
0.0
0.0
0.5686548352241516
0.7248525619506836
0.5925146341323853
0.7265248894691467
0.5674189925193787
0.8003056049346924
0.5999764800071716
0.8040552139282227
0.5676370859146118
0.8749932050704956
0.6064162254333496
0.8802468180656433
0.0
0.0
0.0
0.0
0.0
0.0
0.5829029083251953
0.6087729334831238
0.6001147031784058
0.6111304759979248
0.5728644132614136
0.6386098265647888
0.6047214269638062
0.6418565511703491
0.5631246566772461
0.6648988723754883
0.0
0.0
0.0
0.0
0.0
0.0
0.5686374306678772
0.7249321937561035
0.5925271511077881
0.7265876531600952
0.5674425363540649
0.8003011345863342
0.6000062227249146
0.8040657043457031
0.5675867795944214
0.8749557733535767
0.6064266562461853
0.8801863789558411
0.0
0.0
0.0
0.0
0.0
0.0
0.0
0.0
0.5955175161361694
0.6014264822006226
0.5665760040283203
0.63075852394104
0.5958735346794128
0.6342824101448059
0.5552430748939514
0.6765153408050537
0.5967543125152588
0.6793379783630371
0.0
0.0
0.0
0.0
0.564087986946106
0.71687912940979
0.5845627784729004
0.7186689376831055
0.5663686394691467
0.7962158918380737
0.5896668434143066
0.797444224357605
0.5656499266624451
0.8757765293121338
0.5921580195426941
0.87628573179245
0.0
0.0
0.0
0.0
0.0
0.0
0.0
0.0
0.5913930535316467
0.5968778133392334
0.5642737746238708
0.627170741558075
0.5926492810249329
0.6315452456474304
0.5527766942977905
0.6712947487831116
0.5943989157676697
0.6767983436584473
0.0
0.0
0.0
0.0
0.5624651312828064
0.7149561643600464
0.5811783075332642
0.7169948816299438
0.5640877485275269
0.7909712195396423
0.580483615398407
0.7937323451042175
0.564714789390564
0.8653535842895508
0.578012228012085
0.8679421544075012
0.0
0.0
0.0
0.0
0.0
0.0
0.572872519493103
0.5851302146911621
0.5874961614608765
0.5882418751716614
0.5610995292663574
0.6166112422943115
0.589853048324585
0.6236969232559204
0.5454090237617493
0.6594709753990173
0.0
0.0
0.0
0.0
0.0
0.0
0.5583115220069885
0.7063872218132019
0.5770775675773621
0.711637020111084
0.5601686239242554
0.7728545069694519
0.5726007223129272
0.7898266315460205
0.5539256930351257
0.8357551693916321
0.5669465661048889
0.8645320534706116
0.0
0.0
0.0
0.0
0.0
0.0
0.0
0.0
0.5798960328102112
0.5855557918548584
0.5533446669578552
0.6086398959159851
0.581292450428009
0.626569390296936
0.5366421341896057
0.6363818049430847
0.5868605971336365
0.6857256293296814
0.5451899766921997
0.6160775423049927
0.5982500314712524
0.7226460576057434
0.5504695177078247
0.7002540826797485
0.5685921907424927
0.711024820804596
0.5532044768333435
0.755786657333374
0.5670519471168518
0.7836644649505615
0.5374840497970581
0.8109455704689026
0.5610957145690918
0.8604727983474731
0.0
0.0
0.0
0.0
0.0
0.0
0.0
0.0
0.5774531960487366
0.5867646336555481
0.5496052503585815
0.6198712587356567
0.5772921442985535
0.6274175643920898
0.5341899991035461
0.6621856093406677
0.5813073515892029
0.6806228756904602
0.5370465517044067
0.7016575336456299
0.5921992063522339
0.7152411341667175
0.5452674031257629
0.7048933506011963
0.5632157325744629
0.7070982456207275
0.545852780342102
0.7747390866279602
0.5636082887649536
0.7773142457008362
0.5361931324005127
0.8456908464431763
0.5544361472129822
0.846613883972168
0.0
0.0
0.0
0.0
0.0
0.0
0.0
0.0
0.5768945217132568
0.5862709879875183
0.5492876768112183
0.617624044418335
0.5784077048301697
0.6233810186386108
0.5347513556480408
0.662479043006897
0.5828031301498413
0.6767899394035339
0.5394750833511353
0.70038241147995
0.5925363898277283
0.7140783667564392
0.5471524000167847
0.7030523419380188
0.5661605000495911
0.7049064636230469
0.544901430606842
0.7759835720062256
0.5647907257080078
0.7768691182136536
0.535504937171936
0.8458428978919983
0.5579091906547546
0.84397953748703
0.0
0.0
0.0
0.0
0.0
0.0
0.0
0.0
0.5744937658309937
0.5880314111709595
0.5472146272659302
0.6171923279762268
0.5775146484375
0.623214066028595
0.5333684682846069
0.6607316136360168
0.5821214914321899
0.6763708591461182
0.5289085507392883
0.7010542154312134
0.5894126296043396
0.7166346311569214
0.546162486076355
0.7063018083572388
0.5672417283058167
0.7080532312393188
0.5364885330200195
0.7712759971618652
0.5636141300201416
0.7734098434448242
0.5240747928619385
0.8390312194824219
0.5576401948928833
0.8403456807136536
0.0
0.0
0.0
0.0
0.0
0.0
0.0
0.0
0.5700439214706421
0.5944679975509644
0.5429521203041077
0.6215881705284119
0.5722646713256836
0.6282229423522949
0.5278697609901428
0.6641880869865417
0.5792470574378967
0.6781341433525085
0.523699164390564
0.7039654850959778
0.5862071514129639
0.7209803462028503
0.5395366549491882
0.7100831866264343
0.5590709447860718
0.7126047611236572
0.5315712690353394
0.7760615944862366
0.5545994639396667
0.7813768982887268
0.5137518644332886
0.8406121730804443
0.5483312010765076
0.848689615726471
0.0
0.0
0.0
0.0
0.0
0.0
0.0
0.0
0.5647181272506714
0.5993819236755371
0.5397208333015442
0.6245158910751343
0.5680804252624512
0.6350523829460144
0.5231199860572815
0.6619262099266052
0.5750275254249573
0.6829498410224915
0.5186938643455505
0.6992864608764648
0.5765250325202942
0.7245150804519653
0.5353432893753052
0.708584189414978
0.5540750622749329
0.7138318419456482
0.5263086557388306
0.7734860777854919
0.550068736076355
0.784489095211029
0.5058725476264954
0.8375263810157776
0.5438597798347473
0.8522089719772339
0.0
0.0
0.0
0.0
0.0
0.0
0.0
0.0
0.5639686584472656
0.5997087955474854
0.536697268486023
0.6235433220863342
0.5689784288406372
0.632035493850708
0.5208269953727722
0.6623243093490601
0.572549045085907
0.6745786070823669
0.5145684480667114
0.6962471008300781
0.0
0.0
0.5332766175270081
0.7106575965881348
0.5556166768074036
0.7154601216316223
0.5196225047111511
0.7734696865081787
0.5498369932174683
0.7891677021980286
0.504030168056488
0.8357419967651367
0.542145848274231
0.8613371849060059
0.0
0.0
0.0
0.0
0.0
0.0
0.0
0.0
0.5607893466949463
0.5983443856239319
0.5340760350227356
0.6214356422424316
0.5651881694793701
0.6352633833885193
0.5164586901664734
0.6567443609237671
0.5675323605537415
0.6772258877754211
0.5107853412628174
0.6997496485710144
0.5613957643508911
0.6985915303230286
0.5289753079414368
0.7079180479049683
0.5503259897232056
0.7145214676856995
0.5168759822845459
0.7754690647125244
0.5454638004302979
0.789031982421875
0.5021469593048096
0.8417004942893982
0.5384312868118286
0.856083869934082
0.0
0.0
0.0
0.0
0.0
0.0
0.0
0.0
0.5608156323432922
0.5984238386154175
0.5338385105133057
0.6213893890380859
0.5652666687965393
0.6352587938308716
0.5159168839454651
0.6572021245956421
0.5676349401473999
0.6776188611984253
0.5105779767036438
0.7005428075790405
0.5614627599716187
0.6992034912109375
0.5287529230117798
0.7080596089363098
0.5503091812133789
0.7147387862205505
0.5167924761772156
0.7753756046295166
0.5455367565155029
0.7891225218772888
0.5021659731864929
0.841489851474762
0.5384371876716614
0.8561387658119202
0.0
0.0
0.0
0.0
0.0
0.0
0.0
0.0
0.5578757524490356
0.5922824144363403
0.5299966335296631
0.6160858869552612
0.5615091919898987
0.6293171048164368
0.5120060443878174
0.6520317196846008
0.5637708902359009
0.6735857725143433
0.5079602003097534
0.6944417953491211
0.560397744178772
0.6995221376419067
0.5243337750434875
0.7028502821922302
0.5463445782661438
0.709043025970459
0.5131664276123047
0.7700586915016174
0.5445748567581177
0.7811769843101501
0.5018736720085144
0.8369118571281433
0.540519118309021
0.8480907678604126
0.0
0.0
0.0
0.0
0.0
0.0
0.0
0.0
0.5546597838401794
0.5852701663970947
0.5285046696662903
0.6101108193397522
0.5573616027832031
0.6209672689437866
0.5115979909896851
0.64323490858078
0.5619531273841858
0.6655827164649963
0.5047107338905334
0.6767507195472717
0.5590503215789795
0.6836211085319519
0.5225914120674133
0.6950575113296509
0.5425562858581543
0.6990935206413269
0.5144379734992981
0.7643131613731384
0.5436731576919556
0.7697638869285583
0.5027125477790833
0.8304159641265869
0.5372906923294067
0.8340189456939697
0.0
0.0
0.0
0.0
0.0
0.0
0.0
0.0
0.5540132522583008
0.5792422294616699
0.5251764059066772
0.6018481254577637
0.5564519762992859
0.6097285151481628
0.5094087719917297
0.6422544121742249
0.558422863483429
0.6549551486968994
0.5051800012588501
0.6817657351493835
0.5553810596466064
0.6849365234375
0.5201981067657471
0.6862056255340576
0.5419720411300659
0.6897187829017639
0.514301061630249
0.7565714716911316
0.54471755027771
0.7623748779296875
0.5041531920433044
0.8251523971557617
0.5358880758285522
0.8308055400848389
0.0
0.0
0.0
0.0
0.0
0.0
0.5400785207748413
0.5652087926864624
0.5562896728515625
0.5672059059143066
0.5256537199020386
0.5921133160591125
0.5608415603637695
0.5972452163696289
0.5094976425170898
0.6306291222572327
0.562416136264801
0.640626847743988
0.5052624940872192
0.668025016784668
0.0
0.0
0.5203964114189148
0.6808677911758423
0.5448122024536133
0.6824285984039307
0.5131998062133789
0.751426637172699
0.5466539859771729
0.7541472315788269
0.5039507150650024
0.822799026966095
0.5364153385162354
0.8222214579582214
0.0
0.0
0.0
0.0
0.0
0.0
0.0
0.0
0.5537636280059814
0.568709135055542
0.5237706899642944
0.5888338088989258
0.5580891370773315
0.5960372686386108
0.5086400508880615
0.6260752081871033
0.5622378587722778
0.6351808309555054
0.5050743222236633
0.6632258892059326
0.0
0.0
0.5198659300804138
0.6786375045776367
0.543822169303894
0.6818018555641174
0.5118048191070557
0.7418546676635742
0.5481775999069214
0.7466299533843994
0.5028647184371948
0.8096483945846558
0.5362314581871033
0.813833475112915
0.0
0.0
0.0
0.0
0.0
0.0
0.0
0.0
0.5538702607154846
0.5686081051826477
0.5237345099449158
0.5888573527336121
0.5582859516143799
0.5961279273033142
0.5085998773574829
0.627068042755127
0.562125027179718
0.6360945105552673
0.5050009489059448
0.6657329797744751
0.0
0.0
0.5198125243186951
0.6785417199134827
0.543950080871582
0.681735634803772
0.5118013620376587
0.7417922019958496
0.5482422113418579
0.7466292381286621
0.502829909324646
0.8097211122512817
0.5362456440925598
0.8138365149497986
0.0
0.0
0.0
0.0
0.0
0.0
0.0
0.0
0.5530830025672913
0.5682269334793091
0.5250312089920044
0.5884181261062622
0.5580074787139893
0.5975043177604675
0.5089742541313171
0.6275711059570312
0.56036376953125
0.6390938758850098
0.5063818693161011
0.6701620221138
0.0
0.0
0.5221694707870483
0.6777929663658142
0.5462340712547302
0.6823634505271912
0.5121296644210815
0.7401270270347595
0.5529361963272095
0.7488084435462952
0.4996836185455322
0.8067551255226135
0.5456176996231079
0.8161199688911438
0.0
0.0
0.0
0.0
0.0
0.0
0.5399049520492554
0.5640439391136169
0.5530635118484497
0.5684174299240112
0.5262526273727417
0.5913244485855103
0.556442379951477
0.6007428765296936
0.5092014670372009
0.6307773590087891
0.5606372356414795
0.6427710652351379
0.5042818188667297
0.6708757877349854
0.0
0.0
0.5208450555801392
0.6774870157241821
0.5434733033180237
0.6824116110801697
0.5098353624343872
0.7375929355621338
0.5522843599319458
0.7487016320228577
0.49619922041893005
0.8018187880516052
0.5527666211128235
0.815144419670105
0.0
0.0
0.0
0.0
0.0
0.0
0.5393739938735962
0.565621554851532
0.5533986687660217
0.5706536769866943
0.5275694131851196
0.5907870531082153
0.5573779344558716
0.6037651896476746
0.5077431797981262
0.621182382106781
0.5629192590713501
0.6388884782791138
0.5017110109329224
0.6591387391090393
0.0
0.0
0.5212351679801941
0.6796647906303406
0.5432056188583374
0.6858713030815125
0.5114114880561829
0.733876645565033
0.5515742301940918
0.7473921179771423
0.4941050112247467
0.7976003885269165
0.5563669204711914
0.8131639361381531
0.0
0.0
0.0
0.0
0.0
0.0
0.5378434062004089
0.572704017162323
0.5530799031257629
0.5767209529876709
0.525300920009613
0.6013495326042175
0.5563908219337463
0.6115378141403198
0.5083723068237305
0.6412190198898315
0.5595727562904358
0.6564267873764038
0.5045751929283142
0.6841238141059875
0.558129608631134
0.6884721517562866
0.5198243856430054
0.6851702332496643
0.5442056059837341
0.6900510787963867
0.5050901770591736
0.7360601425170898
0.5547927021980286
0.746591329574585
0.4891176223754883
0.7968181371688843
0.5630606412887573
0.8094450831413269
0.0
0.0
0.0
0.0
0.0
0.0
0.5392807722091675
0.5851864218711853
0.5538822412490845
0.5889631509780884
0.5278902649879456
0.6095147728919983
0.5573309063911438
0.6220219731330872
0.5089366436004639
0.6394128799438477
0.5576927661895752
0.6684778332710266
0.5032612681388855
0.682605504989624
0.5531519651412964
0.7016100287437439
0.5225393772125244
0.6855681538581848
0.5465587973594666
0.6901628375053406
0.5053608417510986
0.7365227341651917
0.5605531930923462
0.741119384765625
0.4888388216495514
0.8018937110900879
0.5706074833869934
0.8002334833145142
0.0
0.0
0.0
0.0
0.0
0.0
0.5392638444900513
0.5852558612823486
0.5538598299026489
0.5890198349952698
0.5278084874153137
0.60963374376297
0.5573455095291138
0.6220648288726807
0.5088573694229126
0.6394739151000977
0.557750940322876
0.6683827042579651
0.5032532811164856
0.6827347874641418
0.5531854033470154
0.7016535997390747
0.5224215984344482
0.6857506036758423
0.5465003848075867
0.6903136968612671
0.5053507089614868
0.7365999221801758
0.560583233833313
0.7411442399024963
0.48888859152793884
0.8018750548362732
0.5705211162567139
0.8002021908760071
0.0
0.0
0.0
0.0
0.0
0.0
0.5399265885353088
0.5900505185127258
0.5554214119911194
0.5911792516708374
0.5298016667366028
0.619204044342041
0.5583571195602417
0.6254544854164124
0.5119325518608093
0.6512143015861511
0.5598995089530945
0.6688222885131836
0.5085523128509521
0.6921719312667847
0.560287594795227
0.7040835022926331
0.5241134166717529
0.6922429203987122
0.5488708019256592
0.6940153241157532
0.5061817765235901
0.742702066898346
0.5680898427963257
0.742962121963501
0.48868751525878906
0.8041580319404602
0.5782016515731812
0.7990062236785889
