0.0
0.0
0.0
0.0
0.0
0.0
0.4940945506095886
0.5593182444572449
0.508720874786377
0.5604374408721924
0.48691028356552124
0.5914684534072876
0.5167760252952576
0.5954596400260925
0.4778231084346771
0.6349896788597107
0.5236876606941223
0.6433779001235962
0.4806458353996277
0.6540930867195129
0.5227686762809753
0.6713323593139648
0.4896520674228668
0.6783870458602905
0.5087805390357971
0.6796760559082031
0.487360417842865
0.7461068034172058
0.4990420341491699
0.7508153319358826
0.4887898564338684
0.8119276165962219
0.49088072776794434
0.8195780515670776
0.0
0.0
0.0
0.0
0.0
0.0
0.4913971424102783
0.5496729016304016
0.5060819983482361
0.5504547953605652
0.4852622151374817
0.583676815032959
0.5154635310173035
0.5868523716926575
0.4760121703147888
0.6300918459892273
0.5226095914840698
0.6365219950675964
0.47657012939453125
0.6499878168106079
0.5200855135917664
0.6657180786132812
0.48758015036582947
0.668603777885437
0.5077956318855286
0.6692448854446411
0.4807325005531311
0.7366570234298706
0.4993678033351898
0.7418365478515625
0.4771593511104584
0.8057903051376343
0.49023541808128357
0.8145231604576111
0.0
0.0
0.0
0.0
0.0
0.0
0.4876164495944977
0.5440593361854553
0.0
0.0
0.48127731680870056
0.5779051780700684
0.5125945210456848
0.5801407098770142
0.471721351146698
0.6252337098121643
0.522441029548645
0.6312606930732727
0.4750578999519348
0.6450425386428833
0.5181670188903809
0.6616715788841248
0.4854412078857422
0.6631417274475098
0.5064730644226074
0.6640917062759399
0.4785796105861664
0.7291437983512878
0.5004920959472656
0.7344496250152588
0.4717519283294678
0.7950363159179688
0.4929143786430359
0.8040524125099182
0.0
0.0
0.0
0.0
0.0
0.0
0.48767170310020447
0.5441128015518188
0.0
0.0
0.4812893271446228
0.5779310464859009
0.512607753276825
0.5801643133163452
0.47171950340270996
0.6252687573432922
0.52241450548172
0.6311641931533813
0.47496122121810913
0.6453089118003845
0.5181780457496643
0.6615018844604492
0.4854263663291931
0.6630863547325134
0.5064555406570435
0.6640468835830688
0.4785846173763275
0.729053258895874
0.500498354434967
0.7343735694885254
0.47181835770606995
0.7948957681655884
0.4929490089416504
0.8038860559463501
0.0
0.0
0.0
0.0
0.0
0.0
0.485100120306015
0.5414494872093201
0.49946752190589905
0.5402409434318542
0.48012179136276245
0.576678991317749
0.5105470418930054
0.5749883651733398
0.4719625413417816
0.622071385383606
0.520283579826355
0.6224572658538818
0.4764544367790222
0.6397842764854431
0.519872784614563
0.6504271030426025
0.48417186737060547
0.6601675748825073
0.505706787109375
0.6582105755805969
0.47705093026161194
0.7267911434173584
0.5058901906013489
0.7265458106994629
0.46560388803482056
0.7914704084396362
0.4973166882991791
0.7934590578079224
0.0
0.0
0.0
0.0
0.0
0.0
0.48411470651626587
0.5412973165512085
0.4987075924873352
0.5407605171203613
0.47857385873794556
0.5752345323562622
0.5091384649276733
0.5755587220191956
0.4685555398464203
0.6162830591201782
0.5183374881744385
0.6218271255493164
0.47446203231811523
0.6332447528839111
0.5167123079299927
0.6500184535980225
0.4813689589500427
0.6568926572799683
0.5033663511276245
0.6557357907295227
0.47362011671066284
0.7212023138999939
0.5053976774215698
0.7218354940414429
0.46137890219688416
0.7846564650535583
0.5007341504096985
0.7869112491607666
0.0
0.0
0.0
0.0
0.0
0.0
0.4844246506690979
0.542295515537262
0.49872007966041565
0.5422199368476868
0.47869840264320374
0.5759487748146057
0.5076598525047302
0.577905535697937
0.4677165150642395
0.6145338416099548
0.5154876708984375
0.6253812313079834
0.4754285216331482
0.6300050020217896
0.5150349736213684
0.6534289717674255
0.4797975420951843
0.6570221185684204
0.5020318031311035
0.6566301584243774
0.47028088569641113
0.7199667096138
0.51153165102005
0.7206370830535889
0.45618265867233276
0.785175085067749
0.5126848816871643
0.7860665917396545
0.0
0.0
0.0
0.0
0.0
0.0
0.4842357039451599
0.5442765355110168
0.4982492923736572
0.544870138168335
0.4774300456047058
0.5776503086090088
0.5058233141899109
0.5817381143569946
0.4657915532588959
0.6151301264762878
0.5129520893096924
0.6307379603385925
0.47379598021507263
0.6307957768440247
0.5155860781669617
0.6641476154327393
0.4768669605255127
0.6556435227394104
0.4994053840637207
0.6570742130279541
0.46864861249923706
0.7118349671363831
0.5153402090072632
0.7170235514640808
0.4532129168510437
0.7732347249984741
0.5202958583831787
0.7815330624580383
0.0
0.0
0.0
0.0
0.0
0.0
0.484732061624527
0.5497201085090637
0.4997486472129822
0.551812469959259
0.47645726799964905
0.584514856338501
0.5051533579826355
0.5898913741111755
0.46337905526161194
0.6239714622497559
0.5123646855354309
0.6428858637809753
0.4726836085319519
0.6328510046005249
0.517066240310669
0.6797878742218018
0.4748062491416931
0.665196418762207
0.4982925355434418
0.6682020425796509
0.4663933217525482
0.7101821303367615
0.517859160900116
0.7171823978424072
0.45035919547080994
0.7647044062614441
0.528485894203186
0.7766576409339905
0.0
0.0
0.0
0.0
0.0
0.0
0.4847241938114166
0.5496845245361328
0.49971646070480347
0.5517672896385193
0.47640329599380493
0.5844595432281494
0.5051851868629456
0.5898849368095398
0.4632561206817627
0.6240785121917725
0.5123956203460693
0.6429470777511597
0.47241735458374023
0.6340572834014893
0.5171247124671936
0.6798542737960815
0.47467613220214844
0.6651006937026978
0.4982055127620697
0.6680768728256226
0.46640586853027344
0.7105129957199097
0.5178235769271851
0.7172843217849731
0.4502561688423157
0.7651515603065491
0.5283650755882263
0.7765164971351624
0.0
0.0
0.0
0.0
0.0
0.0
0.48566141724586487
0.5638253092765808
0.5013965964317322
0.5667740106582642
0.47514599561691284
0.5939953923225403
0.5051761865615845
0.6012519598007202
0.46025437116622925
0.6350921392440796
0.5101943612098694
0.6504536867141724
0.46806469559669495
0.6585927605628967
0.5177162289619446
0.6817981004714966
0.47223418951034546
0.6746033430099487
0.4969956874847412
0.6791504621505737
0.46217814087867737
0.7162193059921265
0.520038902759552
0.7247468829154968
0.44596943259239197
0.7664397358894348
0.5338027477264404
0.7760929465293884
0.0
0.0
0.0
0.0
0.0
0.0
0.4870041012763977
0.5707158446311951
0.5019146203994751
0.5736852884292603
0.4771093726158142
0.599109411239624
0.5057388544082642
0.6073522567749023
0.46089354157447815
0.6380361914634705
0.5090339779853821
0.6543901562690735
0.4655042290687561
0.6622815728187561
0.5098202228546143
0.6792070269584656
0.4729720652103424
0.6783597469329834
0.49749556183815
0.6826927065849304
0.46248358488082886
0.7144181728363037
0.5203099250793457
0.7202831506729126
0.44622865319252014
0.7652007341384888
0.5355356335639954
0.7702860236167908
0.0
0.0
0.0
0.0
0.0
0.0
0.49013885855674744
0.5733705163002014
0.5046056509017944
0.5768324732780457
0.4805923104286194
0.6008382439613342
0.5092085003852844
0.6111807227134705
0.4654513895511627
0.6414861679077148
0.5115182995796204
0.661280632019043
0.4648561477661133
0.6717775464057922
0.5128868818283081
0.687657356262207
0.47464004158973694
0.6787893772125244
0.49918437004089355
0.6839081048965454
0.463367223739624
0.7149434685707092
0.5212323665618896
0.7231920957565308
0.44691434502601624
0.7650604844093323
0.5347037315368652
0.7720478773117065
0.0
0.0
0.0
0.0
0.0
0.0
0.49518418312072754
0.573996365070343
0.5090406537055969
0.5786378979682922
0.48581916093826294
0.599909245967865
0.511849045753479
0.6121762990951538
0.4720393717288971
0.6394669413566589
0.5130577087402344
0.6621314883232117
0.4720248579978943
0.6655328273773193
0.5167464017868042
0.6861552000045776
0.47760796546936035
0.675197184085846
0.5002390742301941
0.6810943484306335
0.4679603576660156
0.7153703570365906
0.5221054553985596
0.7238155603408813
0.44781064987182617
0.7636672854423523
0.5342701077461243
0.7718166708946228
0.0
0.0
0.0
0.0
0.0
0.0
0.5003484487533569
0.5733274817466736
0.5140968561172485
0.5771633982658386
0.4901084899902344
0.5981101989746094
0.517035961151123
0.6083859205245972
0.4772781431674957
0.6374916434288025
0.5199159383773804
0.6566705703735352
0.47382092475891113
0.6663234233856201
0.523119330406189
0.6886076331138611
0.48207584023475647
0.6727204918861389
0.5052377581596375
0.67784184217453
0.470355361700058
0.7106884717941284
0.5266733765602112
0.7188790440559387
0.45053648948669434
0.7597197890281677
0.5351359248161316
0.769393265247345
0.0
0.0
0.0
0.0
0.0
0.0
0.5003402829170227
0.5733300447463989
0.514098048210144
0.5771480798721313
0.49008750915527344
0.5981036424636841
0.5170580744743347
0.6083900928497314
0.47725754976272583
0.6374815702438354
0.5199218988418579
0.6567082405090332
0.47376030683517456
0.6664710640907288
0.5231237411499023
0.6884658932685852
0.4820551872253418
0.6727861762046814
0.5052353143692017
0.6778932213783264
0.4703531265258789
0.7107114195823669
0.526641845703125
0.7188425064086914
0.4505968689918518
0.7597766518592834
0.5350428819656372
0.7692859172821045
0.0
0.0
0.0
0.0
0.0
0.0
0.5054283142089844
0.5677909851074219
0.5203123688697815
0.5714103579521179
0.4948999285697937
0.5944214463233948
0.5235618352890015
0.6041623950004578
0.4836185574531555
0.6351858973503113
0.5248631834983826
0.657870888710022
0.0
0.0
0.5309358835220337
0.6989384293556213
0.48528924584388733
0.6708194613456726
0.5098273158073425
0.6751131415367126
0.4752922058105469
0.7073787450790405
0.5330690145492554
0.713630735874176
0.45291805267333984
0.7606657147407532
0.5359519720077515
0.7681530714035034
0.0
0.0
0.0
0.0
0.0
0.0
0.512357771396637
0.5627543330192566
0.5264052152633667
0.566032886505127
0.5023244023323059
0.5890284180641174
0.5296906232833862
0.5983244180679321
0.4909888207912445
0.6294429302215576
0.530633807182312
0.6500193476676941
0.0
0.0
0.5356948375701904
0.6870170831680298
0.4925003945827484
0.6662486791610718
0.5160682797431946
0.6707507967948914
0.4832311272621155
0.7062158584594727
0.5387017130851746
0.7142318487167358
0.4549666941165924
0.7578443884849548
0.5352821946144104
0.7684152126312256
0.0
0.0
0.0
0.0
0.0
0.0
0.5193791389465332
0.5583425760269165
0.5324128270149231
0.5624446868896484
0.5105711221694946
0.5836993455886841
0.5354949235916138
0.5960105061531067
0.4986104965209961
0.6205166578292847
0.5364913940429688
0.645251989364624
0.5031906366348267
0.6378923058509827
0.5382270216941833
0.6759116053581238
0.5032764673233032
0.6562057733535767
0.5247703790664673
0.6628690361976624
0.48988476395606995
0.7040337324142456
0.5398567318916321
0.7175557613372803
0.4610368311405182
0.753588855266571
0.5367239713668823
0.7708866596221924
0.0
0.0
0.0
0.0
0.0
0.0
0.5248407125473022
0.5527291893959045
0.5379083752632141
0.5565388202667236
0.5161246061325073
0.5800346732139587
0.5409809350967407
0.5904987454414368
0.505262017250061
0.6204808354377747
0.5440990328788757
0.6369920372962952
0.0
0.0
0.5447703003883362
0.6663041710853577
0.5087662935256958
0.6549329161643982
0.529288113117218
0.6607454419136047
0.49794524908065796
0.7031043767929077
0.5409793257713318
0.7167156934738159
0.4701234698295593
0.7510128617286682
0.5373326539993286
0.7711817622184753
0.0
0.0
0.0
0.0
0.0
0.0
0.5304642915725708
0.5479525923728943
0.5436547994613647
0.5514455437660217
0.5208945870399475
0.5744556784629822
0.547322690486908
0.5853683948516846
0.509552001953125
0.6097100973129272
0.5490143895149231
0.6318694353103638
0.0
0.0
0.5559607744216919
0.6626008152961731
0.5149911642074585
0.6510409712791443
0.5356473326683044
0.6564445495605469
0.505935788154602
0.7004827857017517
0.5451164245605469
0.7130020260810852
0.48451751470565796
0.7531825304031372
0.5378329753875732
0.7699454426765442
0.0
0.0
0.0
0.0
0.0
0.0
0.5304688215255737
0.5479604005813599
0.5436524152755737
0.5514365434646606
0.5208932757377625
0.574492871761322
0.5473326444625854
0.5853562951087952
0.5095537304878235
0.6097053289413452
0.5490065813064575
0.6318225264549255
0.0
0.0
0.555953323841095
0.6626964807510376
0.5149727463722229
0.6510870456695557
0.5356233716011047
0.6564563512802124
0.5059528350830078
0.7004980444908142
0.5450429320335388
0.7129346132278442
0.4845910966396332
0.7532170414924622
0.5377202033996582
0.7698725461959839
0.0
0.0
0.0
0.0
0.0
0.0
0.5372259020805359
0.5355764031410217
0.5516409277915955
0.5396889448165894
0.5269587635993958
0.5646986365318298
0.5503206253051758
0.5754465460777283
0.5156468152999878
0.5978286862373352
0.5501896739006042
0.6237151622772217
0.0
0.0
0.5570231676101685
0.6549246311187744
0.5220242142677307
0.6472230553627014
0.5387651920318604
0.6527435183525085
0.5181636214256287
0.699568510055542
0.5440673232078552
0.7113817930221558
0.5058476328849792
0.7521836161613464
0.5372802019119263
0.769521176815033
0.0
0.0
0.0
0.0
0.0
0.0
0.5405516624450684
0.5307849645614624
0.5548813343048096
0.533495306968689
0.5316393971443176
0.560024619102478
0.5549909472465515
0.5680823922157288
0.5215619206428528
0.5920504927635193
0.5554074048995972
0.6164849996566772
0.0
0.0
0.5640153884887695
0.6502946019172668
0.5274073481559753
0.6433905959129333
0.543908953666687
0.6458635330200195
0.5228010416030884
0.7058098912239075
0.5461644530296326
0.706611692905426
0.5066064596176147
0.765468418598175
0.5405968427658081
0.7633097171783447
0.0
0.0
0.0
0.0
0.0
0.0
0.0
0.0
0.557937741279602
0.5297224521636963
0.5356519818305969
0.5570472478866577
0.5574146509170532
0.5644315481185913
0.5272205471992493
0.5931879878044128
0.5573116540908813
0.6147290468215942
0.0
0.0
0.5716440081596375
0.6505327224731445
0.5318776369094849
0.6375903487205505
0.5453015565872192
0.6406742334365845
0.5373548865318298
0.7032590508460999
0.5453652143478394
0.7075696587562561
0.5301729440689087
0.7622363567352295
0.5290749073028564
0.7681324481964111
0.0
0.0
0.0
0.0
0.0
0.0
0.0
0.0
0.5609710216522217
0.5323998928070068
0.5392860174179077
0.5536305904388428
0.5593793392181396
0.5636443495750427
0.0
0.0
0.5592953562736511
0.6031060814857483
0.0
0.0
0.5664975047111511
0.6065635085105896
0.5374952554702759
0.6317781805992126
0.5501041412353516
0.6364484429359436
0.5458855628967285
0.6987864375114441
0.552942156791687
0.7021532654762268
0.5441707968711853
0.757230281829834
0.5419315099716187
0.7580066323280334
0.0
0.0
0.0
0.0
0.0
0.0
0.0
0.0
0.5644137859344482
0.5309394001960754
0.5450176000595093
0.5564270615577698
0.561742901802063
0.5634848475456238
0.0
0.0
0.560127317905426
0.6060656309127808
0.0
0.0
0.5708956122398376
0.6147516369819641
0.544874370098114
0.6375939249992371
0.5558570623397827
0.641663134098053
0.5548190474510193
0.7032647132873535
0.5628300309181213
0.7068853378295898
0.5555824637413025
0.7622866034507751
0.5575261116027832
0.7664839029312134
0.0
0.0
0.0
0.0
0.0
0.0
0.0
0.0
0.5644115209579468
0.530948281288147
0.5450130701065063
0.5564351081848145
0.5617379546165466
0.5634946227073669
0.0
0.0
0.5601263642311096
0.6060420870780945
0.0
0.0
0.5708919763565063
0.6146492958068848
0.5448712706565857
0.6376378536224365
0.5558518767356873
0.6417148113250732
0.554857611656189
0.703287661075592
0.5628684759140015
0.7069344520568848
0.5556098818778992
0.7621809840202332
0.5575577616691589
0.7664167881011963
0.0
0.0
0.0
0.0
0.0
0.0
0.0
0.0
0.5695618391036987
0.5373051762580872
0.5512157678604126
0.5601059198379517
0.5658482313156128
0.5690540075302124
0.0
0.0
0.5655103325843811
0.6183350682258606
0.0
0.0
0.5858442783355713
0.652015209197998
0.5521095395088196
0.6403293609619141
0.5611149072647095
0.6466062068939209
0.5716782212257385
0.700408935546875
0.572332501411438
0.7083876132965088
0.5688167214393616
0.7586131691932678
0.5614294409751892
0.7702489495277405
0.0
0.0
0.0
0.0
0.0
0.0
0.0
0.0
0.5736224055290222
0.5465200543403625
0.555780291557312
0.566587507724762
0.5700019001960754
0.5798273086547852
0.0
0.0
0.5713027715682983
0.6294883489608765
0.0
0.0
0.5924814343452454
0.6622693538665771
0.5591467022895813
0.6515269875526428
0.5681050419807434
0.659308135509491
0.5744733810424805
0.7115964889526367
0.5776041746139526
0.7195388078689575
0.5705381631851196
0.7726131081581116
0.569811224937439
0.7808609008789062
0.0
0.0
0.0
0.0
0.0
0.0
0.0
0.0
0.5754145383834839
0.5547298192977905
0.5631080269813538
0.5798399448394775
0.5719583034515381
0.5857943296432495
0.574163556098938
0.6066161394119263
0.5744169354438782
0.6346933841705322
0.0
0.0
0.5927889347076416
0.6645981073379517
0.5653854608535767
0.6626245975494385
0.572094202041626
0.6664465665817261
0.5802205204963684
0.7204779982566833
0.5915436148643494
0.7229921817779541
0.5721484422683716
0.7848538756370544
0.5808427929878235
0.7898208498954773
0.0
0.0
0.0
0.0
0.0
0.0
0.0
0.0
0.5815638303756714
0.5617742538452148
0.5671932101249695
0.5825599431991577
0.5776747465133667
0.5963746309280396
0.5807613134384155
0.6074342727661133
0.5801610350608826
0.6431441307067871
0.5955687165260315
0.5988765358924866
0.5970445871353149
0.6662746667861938
0.5657812356948853
0.6617042422294617
0.574367344379425
0.6715762615203857
0.5841637253761292
0.7113826274871826
0.5979993343353271
0.7292852401733398
0.5684992074966431
0.7671416401863098
0.5872235298156738
0.7959007024765015
0.0
0.0
0.0
0.0
0.0
0.0
0.0
0.0
0.5838009715080261
0.5647582411766052
0.5732950568199158
0.5866281986236572
0.5809146165847778
0.6012479662895203
0.589050829410553
0.6070948839187622
0.5840861797332764
0.6507824063301086
0.6042619943618774
0.5955007076263428
0.6018286943435669
0.6712087988853455
0.5700212121009827
0.66778564453125
0.5774511098861694
0.6773658394813538
0.5848923921585083
0.7146304845809937
0.604148268699646
0.7347055077552795
0.5695511698722839
0.7719942927360535
0.5957978963851929
0.8047139644622803
0.0
0.0
0.0
0.0
0.0
0.0
0.0
0.0
0.583881139755249
0.5649577975273132
0.5732624530792236
0.5866069197654724
0.5809364318847656
0.6013845205307007
0.5889617204666138
0.6070604920387268
0.5841050744056702
0.6508209705352783
0.6041998863220215
0.595528781414032
0.6017811298370361
0.6712220907211304
0.5700433254241943
0.6676869988441467
0.5774890184402466
0.6773961782455444
0.5850127935409546
0.7143706679344177
0.6040186285972595
0.7348518371582031
0.569790780544281
0.7713211178779602
0.5958095788955688
0.804735541343689
0.0
0.0
0.0
0.0
0.0
0.0
0.0
0.0
0.5884498357772827
0.5716858506202698
0.5769766569137573
0.5911808013916016
0.586784839630127
0.6108818054199219
0.5943763852119446
0.5969873070716858
0.5898084044456482
0.6483386754989624
0.6083351969718933
0.590669572353363
0.6022636890411377
0.6746731400489807
0.5749210715293884
0.6714606881141663
0.5847145915031433
0.6841803789138794
0.5859677791595459
0.7195022702217102
0.6092692613601685
0.7446383833885193
0.5670585632324219
0.7739474773406982
0.6064807772636414
0.8104674220085144
0.0
0.0
0.0
0.0
0.0
0.0
0.0
0.0
0.5912622213363647
0.5737010836601257
0.5819574594497681
0.5937761068344116
0.5965007543563843
0.6030051112174988
0.6044954657554626
0.5915848612785339
0.611351728439331
0.5991172194480896
0.6163607835769653
0.5814034342765808
0.6199012398719788
0.5882031917572021
0.5782545804977417
0.6742580533027649
0.590316653251648
0.68247389793396
0.585079550743103
0.7237681746482849
0.611409068107605
0.7496781945228577
0.569804310798645
0.7776625156402588
0.609866738319397
0.8203446865081787
0.0
0.0
0.0
0.0
0.0
0.0
0.0
0.0
0.5933598279953003
0.5743809342384338
0.5905868411064148
0.5824536681175232
0.5944101810455322
0.6165704727172852
0.6104135513305664
0.571773111820221
0.5970619916915894
0.6519246101379395
0.6228423714637756
0.5707524418830872
0.610388457775116
0.6691617965698242
0.5869863629341125
0.670788049697876
0.59331876039505
0.6891694664955139
0.5867671966552734
0.721736490726471
0.6128648519515991
0.7582616209983826
0.5661517381668091
0.7753557562828064
0.61296546459198
0.8220753073692322
0.6034562587738037
0.5647522211074829
0.0
0.0
0.5998849272727966
0.5649705529212952
0.0
0.0
0.5966073274612427
0.580252468585968
0.5962852835655212
0.5835568308830261
0.5984696745872498
0.6189122796058655
0.6124894022941589
0.5706077814102173
0.6018821001052856
0.6504229307174683
0.6232410669326782
0.5639138221740723
0.6114464402198792
0.6714199781417847
0.5942165851593018
0.6698766350746155
0.5993582010269165
0.6893115639686584
0.5906456708908081
0.7195740342140198
0.6176126003265381
0.758821964263916
0.5672662854194641
0.7704998254776001
0.6148593425750732
0.8230451941490173
0.6083603501319885
0.5665364861488342
0.0
0.0
0.0
0.0
0.0
0.0
0.6001256704330444
0.5830903649330139
0.5997371077537537
0.5859262943267822
0.6013376116752625
0.6237185001373291
0.6145994663238525
0.5685702562332153
0.604699969291687
0.6529004573822021
0.6255029439926147
0.555741012096405
0.6163345575332642
0.6589741706848145
0.5949269533157349
0.6721133589744568
0.5993796586990356
0.6920881271362305
0.5923572778701782
0.7235896587371826
0.6165680885314941
0.7616968750953674
0.5661721229553223
0.7790680527687073
0.6170191764831543
0.8281868696212769
0.6083635687828064
0.5665052533149719
0.0
0.0
0.0
0.0
0.0
0.0
0.6001359224319458
0.5830819606781006
0.5997598171234131
0.5858471989631653
0.6013303399085999
0.6237998604774475
0.6145873665809631
0.5685696005821228
0.6046847701072693
0.6531640887260437
0.6255239248275757
0.5556759834289551
0.6163758039474487
0.6589314937591553
0.5950016975402832
0.672018826007843
0.5994268655776978
0.6920769810676575
0.5924092531204224
0.7234840393066406
0.6165684461593628
0.7617486119270325
0.5661617517471313
0.7789561748504639
0.6169787645339966
0.8282555341720581
0.0
0.0
0.0
0.0
0.0
0.0
0.0
0.0
0.610768735408783
0.5872448086738586
0.599014401435852
0.6045114398002625
0.6133715510368347
0.6213575005531311
0.6044025421142578
0.5650520324707031
0.6196033358573914
0.5896739363670349
0.6119880080223083
0.5444230437278748
0.6198106408119202
0.5603500604629517
0.5965210795402527
0.683885931968689
0.6081554293632507
0.6942274570465088
0.5918247699737549
0.7359569072723389
0.6215686798095703
0.7622748613357544
0.5614972710609436
0.7929316163063049
0.6169657111167908
0.8298510909080505
0.6138865351676941
0.5637713670730591
0.6147695779800415
0.5580189228057861
0.6088970899581909
0.5587649941444397
0.0
0.0
0.6017583608627319
0.5689923763275146
0.607973575592041
0.5958770513534546
0.6087964773178101
0.604385256767273
0.0
0.0
0.6078771352767944
0.6480118036270142
0.0
0.0
0.6169072985649109
0.6625893712043762
0.6079224348068237
0.6848061680793762
0.6110095381736755
0.6892310976982117
0.6064560413360596
0.7492615580558777
0.6272858381271362
0.7577946186065674
0.5972757339477539
0.819222092628479
0.6156193614006042
0.8345232605934143
0.6150081753730774
0.5648608803749084
0.0
0.0
0.6109803915023804
0.5626412034034729
0.0
0.0
0.6055763959884644
0.5747477412223816
0.6119300127029419
0.5954442620277405
0.6074742078781128
0.6043176651000977
0.0
0.0
0.6146656274795532
0.6384021639823914
0.0
0.0
0.6235125064849854
0.6502309441566467
0.6148190498352051
0.6762678623199463
0.6137841939926147
0.6820229291915894
0.6103543639183044
0.7456285357475281
0.6241645812988281
0.758022129535675
0.5920555591583252
0.8109293580055237
0.6188869476318359
0.8293495178222656
0.6134004592895508
0.5614036321640015
0.0
0.0
0.6097053289413452
0.5581903457641602
0.0
0.0
0.6043505072593689
0.5683736801147461
0.6126134991645813
0.5921024084091187
0.6070388555526733
0.6013442277908325
0.6280164122581482
0.6225302219390869
0.6146484613418579
0.6319937705993652
0.0
0.0
0.6255089044570923
0.6194133758544922
0.6202465295791626
0.6818362474441528
0.6171783208847046
0.687235951423645
0.61443030834198
0.746068000793457
0.6168801188468933
0.7592197060585022
0.589622974395752
0.8039513230323792
0.602350652217865
0.8251383304595947
0.615490198135376
0.5557816624641418
0.0
0.0
0.6112698316574097
0.5538514852523804
0.0
0.0
0.6056501269340515
0.5673784613609314
0.6188147664070129
0.590177595615387
0.608806312084198
0.6011215448379517
0.6423627138137817
0.6049003005027771
0.6228805780410767
0.6168313026428223
0.635735273361206
0.59581458568573
0.6300782561302185
0.5961690545082092
0.6252363920211792
0.6801170110702515
0.6178942322731018
0.6853121519088745
0.6215834617614746
0.7437577843666077
0.6171331405639648
0.7558192610740662
0.6018714308738708
0.8074341416358948
0.6032165288925171
0.8241147994995117
0.6153963804244995
0.5558009147644043
0.0
0.0
0.6112180352210999
0.5538602471351624
0.0
0.0
0.6057040095329285
0.5673385858535767
0.6185998916625977
0.590220034122467
0.6088809370994568
0.6011080145835876
0.6422810554504395
0.604776918888092
0.6231495141983032
0.6166321039199829
0.6358904242515564
0.5956991910934448
0.6301767826080322
0.596082866191864
0.6251282691955566
0.6801859736442566
0.6180127859115601
0.6853986978530884
0.6214285492897034
0.7436986565589905
0.6173263788223267
0.7559176683425903
0.6015092134475708
0.8072264194488525
0.6035220623016357
0.8242233991622925
0.614668607711792
0.5524964928627014
0.0
0.0
0.6104267835617065
0.5500112175941467
0.0
0.0
0.6038581132888794
0.5632457137107849
0.6199008822441101
0.5911343097686768
0.6078252792358398
0.5950853824615479
0.6373506188392639
0.595381498336792
0.6283311247825623
0.6003001928329468
0.6451137065887451
0.5833404660224915
0.641830563545227
0.5795702338218689
0.6270359754562378
0.6819137334823608
0.6164953708648682
0.6829808354377747
0.6303737163543701
0.7525233030319214
0.6141097545623779
0.7512111067771912
0.614976167678833
0.8217335343360901
0.5934609174728394
0.8177440166473389
0.6148589849472046
0.5504075884819031
0.0
0.0
0.6103703379631042
0.5482433438301086
0.0
0.0
0.6040347814559937
0.5623803734779358
0.6208307147026062
0.5861446857452393
0.6075321435928345
0.5939702391624451
0.6407014727592468
0.5752023458480835
0.6160694360733032
0.6057010889053345
0.6546633243560791
0.558799147605896
0.6378291845321655
0.5939856767654419
0.6300488710403442
0.6810328960418701
0.6186981797218323
0.6819474697113037
0.6345966458320618
0.7564002275466919
0.6148383617401123
0.7473563551902771
0.629520833492279
0.8286036252975464
0.5872116684913635
0.8088240027427673
0.6154941320419312
0.5498321652412415
0.0
0.0
0.6111468076705933
0.5492095351219177
0.0
0.0
0.6080280542373657
0.5649422407150269
0.6100096702575684
0.5891454815864563
0.6205133199691772
0.5924214124679565
0.6279830932617188
0.5831195116043091
0.6491648554801941
0.5743296146392822
0.6593687534332275
0.5579882264137268
0.6701256036758423
0.5473132133483887
0.6213551759719849
0.6837748289108276
0.6295579671859741
0.6878917217254639
0.6171356439590454
0.748834490776062
0.639293372631073
0.7626264095306396
0.5893990397453308
0.8078930974006653
0.634522020816803
0.8341856002807617
0.6203028559684753
0.5585038661956787
0.0
0.0
0.6168159246444702
0.5577938556671143
0.0
0.0
0.6142696142196655
0.572439432144165
0.6045833230018616
0.6054506897926331
0.6270155906677246
0.5989760160446167
0.0
0.0
0.6511600613594055
0.5766274333000183
0.0
0.0
0.670110285282135
0.5405997633934021
0.6166060566902161
0.6880663633346558
0.6337085962295532
0.6882188320159912
0.6085218191146851
0.7529357671737671
0.646582841873169
0.7611636519432068
0.5881903767585754
0.8161560297012329
0.6452404856681824
0.8369833827018738
0.0
0.0
0.0
0.0
0.0
0.0
0.0
0.0
0.6174907684326172
0.5755332112312317
0.6051114797592163
0.6083874106407166
0.6281347870826721
0.5973101854324341
0.0
0.0
0.654822051525116
0.5865457057952881
0.0
0.0
0.672716498374939
0.5679914951324463
0.6185169816017151
0.6931527853012085
0.6354233026504517
0.6948854923248291
0.6175022721290588
0.7535189986228943
0.6490091681480408
0.7740737795829773
0.5889354944229126
0.8141059279441833
0.6549593210220337
0.8601046204566956
0.0
0.0
0.0
0.0
0.0
0.0
0.0
0.0
0.6174771189689636
0.5755640864372253
0.6051109433174133
0.6083462834358215
0.6281030774116516
0.5973505973815918
0.0
0.0
0.6547713875770569
0.5866168141365051
0.0
0.0
0.6727827787399292
0.5678518414497375
0.61850506067276
0.6931182742118835
0.6353937387466431
0.6948772668838501
0.6174583435058594
0.7534888386726379
0.6489730477333069
0.7740587592124939
0.5889732241630554
0.8141235113143921
0.6549112200737
0.8601294755935669
0.0
0.0
0.0
0.0
0.0
0.0
0.0
0.0
0.621177077293396
0.5905099511146545
0.6041724681854248
0.6240145564079285
0.6302551031112671
0.6184418797492981
0.6073695421218872
0.6582180261611938
0.6587727069854736
0.619006872177124
0.0
0.0
0.6741009950637817
0.6058725714683533
0.6197404265403748
0.7085619568824768
0.6394763588905334
0.7120112776756287
0.6151598691940308
0.7663294672966003
0.6538418531417847
0.7851071953773499
0.5922907590866089
0.8248066306114197
0.6640185117721558
0.8639191389083862
0.0
0.0
0.0
0.0
0.0
0.0
0.6071005463600159
0.6060695648193359
0.6216321587562561
0.6013901829719543
0.6080499887466431
0.6374878287315369
0.6302529573440552
0.630435585975647
0.0
0.0
0.6558593511581421
0.639089047908783
0.0
0.0
0.6709581613540649
0.6342195272445679
0.6215345859527588
0.7149333357810974
0.6395046710968018
0.7178006768226624
0.6225268244743347
0.7706282138824463
0.6571410894393921
0.7921216487884521
0.5950574278831482
0.8256866335868835
0.6711398363113403
0.8710961937904358
0.0
0.0
0.0
0.0
0.0
0.0
0.6089457273483276
0.6204326152801514
0.6234412789344788
0.6157907843589783
0.6085432767868042
0.6537495851516724
0.6324877142906189
0.6461748480796814
0.0
0.0
0.6577536463737488
0.6601492762565613
0.0
0.0
0.6666336059570312
0.6621657013893127
0.6208149790763855
0.7311756610870361
0.6397572159767151
0.7337028384208679
0.6221123933792114
0.7844134569168091
0.6584424376487732
0.8058122992515564
0.5955358147621155
0.8390089869499207
0.6696985960006714
0.8837845921516418
0.0
0.0
0.0
0.0
0.0
0.0
0.608869194984436
0.6307018995285034
0.6233349442481995
0.6260048151016235
0.6068819165229797
0.6623643040657043
0.6326618194580078
0.6555267572402954
0.6068848371505737
0.705619752407074
0.6520320177078247
0.6798406839370728
0.0
0.0
0.6577304005622864
0.6841954588890076
0.6202853322029114
0.7411045432090759
0.6409664154052734
0.7422528862953186
0.6199891567230225
0.7972857356071472
0.6575612425804138
0.810239851474762
0.6001183390617371
0.8511286973953247
0.6713072657585144
0.8806555271148682
0.0
0.0
0.0
0.0
0.0
0.0
0.6052460670471191
0.6297171115875244
0.6199633479118347
0.6250341534614563
0.6022663712501526
0.6639893651008606
0.63117516040802
0.6547949314117432
0.6011174321174622
0.7125334739685059
0.6494278907775879
0.6915714740753174
0.0
0.0
0.6545730829238892
0.7023462653160095
0.6163910627365112
0.746146559715271
0.6387268900871277
0.742618203163147
0.6172499656677246
0.8144233822822571
0.655422568321228
0.8081972599029541
0.6075193881988525
0.8798031210899353
0.6695758104324341
0.8751336932182312
0.0
0.0
0.0
0.0
0.0
0.0
0.6052628755569458
0.6297115683555603
0.619970977306366
0.6250547766685486
0.6022896766662598
0.6639603972434998
0.6311887502670288
0.6548097729682922
0.6011064648628235
0.7124989032745361
0.6494337320327759
0.691622257232666
0.0
0.0
0.6545990109443665
0.7024522423744202
0.6163804531097412
0.7460858821868896
0.6387054324150085
0.7425690293312073
0.6172139644622803
0.814422070980072
0.6553627252578735
0.8082149028778076
0.6075268387794495
0.8797798752784729
0.6695731282234192
0.8751266598701477
0.0
0.0
0.0
0.0
0.0
0.0
0.5998895764350891
0.6261376142501831
0.6155089735984802
0.6214004755020142
0.59712815284729
0.6618426442146301
0.6274051070213318
0.653703510761261
0.5938466787338257
0.7120698690414429
0.6425946950912476
0.6971631646156311
0.6007776856422424
0.7365685105323792
0.6454025506973267
0.7147068381309509
0.6108081340789795
0.7454360723495483
0.6339293122291565
0.7415353655815125
0.6133664846420288
0.8176465630531311
0.6511844396591187
0.8096743822097778
0.6106537580490112
0.889857292175293
0.6666079163551331
0.8799958825111389
0.0
0.0
0.0
0.0
0.0
0.0
0.597270667552948
0.6185165643692017
0.6122443675994873
0.6162756085395813
0.5928739309310913
0.6549192070960999
0.6209952235221863
0.6516124606132507
0.5856820344924927
0.7067107558250427
0.6357868909835815
0.7028599381446838
0.5927320718765259
0.7300218343734741
0.6383413672447205
0.7264164686203003
0.6025715470314026
0.7433766722679138
0.6232782602310181
0.7411619424819946
0.6075915098190308
0.8178350925445557
0.6412605047225952
0.8080560564994812
0.6094626784324646
0.8934338092803955
0.6641718149185181
0.8777940273284912
0.0
0.0
0.0
0.0
0.0
0.0
0.5921701192855835
0.6098805069923401
0.6075326204299927
0.6079995632171631
0.5859200358390808
0.6439896821975708
0.6162056922912598
0.641119658946991
0.5766825675964355
0.6874166131019592
0.6277959942817688
0.6933085918426514
0.5815116167068481
0.7134997844696045
0.6370238065719604
0.7268146872520447
0.5954537391662598
0.7358958721160889
0.6167706251144409
0.7329109311103821
0.6059631109237671
0.8123379945755005
0.6382094621658325
0.79792320728302
0.6082993149757385
0.8925422430038452
0.6515644192695618
0.868977963924408
0.0
0.0
0.0
0.0
0.0
0.0
0.5886516571044922
0.6015954613685608
0.6043298840522766
0.5991933345794678
0.5798258781433105
0.6359750032424927
0.6120150685310364
0.6314614415168762
0.5720838904380798
0.6823884844779968
0.6221685409545898
0.6817407608032227
0.5822881460189819
0.7018504738807678
0.6315487027168274
0.723395049571991
0.590694785118103
0.7283446192741394
0.6135732531547546
0.7264243960380554
0.5976503491401672
0.8066434264183044
0.6279933452606201
0.7975821495056152
0.6040902137756348
0.8839327692985535
0.6374300122261047
0.8725202679634094
0.0
0.0
0.0
0.0
0.0
0.0
0.5840219259262085
0.5922289490699768
0.5993679761886597
0.5908809304237366
0.5734241604804993
0.6283985376358032
0.6062762141227722
0.62663733959198
0.5676195025444031
0.673487663269043
0.6160792112350464
0.6731683015823364
0.5779519081115723
0.6925442814826965
0.6240097284317017
0.704738974571228
0.5836908221244812
0.7201935052871704
0.6062048077583313
0.7212244868278503
0.5941921472549438
0.7993550896644592
0.6174724102020264
0.797842264175415
0.6012991070747375
0.8763917684555054
0.6188551187515259
0.8748160600662231
0.0
0.0
0.0
0.0
0.0
0.0
0.5840057134628296
0.5922355651855469
0.5993674993515015
0.5908955931663513
0.5734105706214905
0.6283835172653198
0.606291651725769
0.6266301274299622
0.5676135420799255
0.6734883785247803
0.6161109209060669
0.6731371879577637
0.5779696702957153
0.6925081014633179
0.6239774823188782
0.7045740485191345
0.5836794376373291
0.7201912999153137
0.6062110662460327
0.7212259769439697
0.5941590666770935
0.7993972897529602
0.6174363493919373
0.7979105710983276
0.60126793384552
0.8764325380325317
0.6188217401504517
0.874908447265625
0.0
0.0
0.0
0.0
0.0
0.0
0.5799224376678467
0.5863282084465027
0.5961567163467407
0.586776077747345
0.5702385306358337
0.6224392652511597
0.6018014550209045
0.6243327856063843
0.5629579424858093
0.6681020259857178
0.6116620302200317
0.6711440682411194
0.0
0.0
0.6175853610038757
0.705349326133728
0.5773829221725464
0.7112905979156494
0.5985634922981262
0.7140292525291443
0.5837141871452332
0.7835685014724731
0.6046330332756042
0.7896166443824768
0.5871344804763794
0.8545888066291809
0.6027992963790894
0.867561936378479
0.0
0.0
0.0
0.0
0.0
0.0
0.5746896266937256
0.5843320488929749
0.5920263528823853
0.5848795771598816
0.5657159090042114
0.6203724145889282
0.5971742868423462
0.6233049035072327
0.558608889579773
0.6659784317016602
0.6063540577888489
0.6738772988319397
0.0
0.0
0.6136339902877808
0.715518593788147
0.5718545913696289
0.713533878326416
0.5925124883651733
0.7155627608299255
0.5760642290115356
0.7865105271339417
0.5927466750144958
0.7914982438087463
0.5762971639633179
0.8565744757652283
0.5892078280448914
0.8681158423423767
0.0
0.0
0.0
0.0
0.0
0.0
0.5684424042701721
0.5865622758865356
0.5859910249710083
0.5869116187095642
0.5607656240463257
0.6243597269058228
0.5925018191337585
0.6267716884613037
0.5527766942977905
0.6719095706939697
0.6020114421844482
0.6749907732009888
0.0
0.0
0.6033533811569214
0.7020255923271179
0.5675527453422546
0.7150426506996155
0.5881694555282593
0.7166317701339722
0.5720903277397156
0.7907995581626892
0.5846613049507141
0.7944859266281128
0.570461094379425
0.8641758561134338
0.5781024098396301
0.8710258603096008
0.0
0.0
0.0
0.0
0.0
0.0
0.5620136260986328
0.5885626673698425
0.5792942047119141
0.5885019898414612
0.5530351400375366
0.6256883144378662
0.585615873336792
0.6273574233055115
0.546051025390625
0.673839807510376
0.5950599312782288
0.680538535118103
0.5532835721969604
0.6983533501625061
0.6024543642997742
0.7260692119598389
0.559440016746521
0.7198902368545532
0.5808106064796448
0.7222899794578552
0.5623950958251953
0.7901118993759155
0.5808835625648499
0.7979791164398193
0.5623266696929932
0.8577134609222412
0.5760491490364075
0.8728370666503906
0.0
0.0
0.0
0.0
0.0
0.0
0.5563222169876099
0.5925419330596924
0.5736091732978821
0.5928794145584106
0.5494819283485413
0.6277636289596558
0.5814458727836609
0.6302638649940491
0.5395012497901917
0.6748974323272705
0.5901055335998535
0.6784455180168152
0.5529841780662537
0.6819822788238525
0.5904906392097473
0.7064793109893799
0.5533641576766968
0.7160293459892273
0.576267659664154
0.7197192907333374
0.5480532646179199
0.7836059331893921
0.5776631832122803
0.7973291277885437
0.5301172137260437
0.8478395938873291
0.5757473707199097
0.8733227252960205
0.0
0.0
0.0
0.0
0.0
0.0
0.5563082098960876
0.5925629138946533
0.5736340284347534
0.5929277539253235
0.549458384513855
0.6278195381164551
0.5814773440361023
0.6303033828735352
0.539405107498169
0.6750792860984802
0.5902080535888672
0.6785111427307129
0.5528977513313293
0.6823520064353943
0.5905944108963013
0.7065756916999817
0.5533527135848999
0.716055154800415
0.5762897729873657
0.7197309136390686
0.5480683445930481
0.7836313843727112
0.5777407884597778
0.7972797751426697
0.5300860404968262
0.8479503393173218
0.5757629871368408
0.8732878565788269
0.0
0.0
0.0
0.0
0.0
0.0
0.549690842628479
0.5951374769210815
0.5671921372413635
0.5957982540130615
0.5438176989555359
0.6302253603935242
0.5747591257095337
0.633070707321167
0.5360883474349976
0.6804550886154175
0.584963321685791
0.6812884211540222
0.5456689596176147
0.704648494720459
0.5867797136306763
0.7153732180595398
0.5484160780906677
0.7177362442016602
0.5717958807945251
0.7213508486747742
0.5345614552497864
0.7822791934013367
0.5760971307754517
0.7988576889038086
0.5142025947570801
0.845747709274292
0.5769394636154175
0.8768520951271057
0.0
0.0
0.0
0.0
0.0
0.0
0.5433142781257629
0.5936173796653748
0.5598915219306946
0.5934510231018066
0.5381014943122864
0.6286784410476685
0.5671995878219604
0.6306242346763611
0.5325720310211182
0.6790093183517456
0.5753006935119629
0.6775186061859131
0.5362845659255981
0.7087339758872986
0.5823146104812622
0.72523432970047
0.5397995710372925
0.7161573767662048
0.5630730390548706
0.7197423577308655
0.5299028158187866
0.7761101722717285
0.5734456777572632
0.7953134179115295
0.504928469657898
0.8357411026954651
0.5734790563583374
0.8751604557037354
0.0
0.0
0.0
0.0
0.0
0.0
0.5382683873176575
0.5929953455924988
0.5533133745193481
0.5933935046195984
0.5298891663551331
0.6263375878334045
0.5589586496353149
0.6285549402236938
0.5256299376487732
0.6768953800201416
0.5692225694656372
0.6762147545814514
0.0
0.0
0.5718513131141663
0.725915253162384
0.5318375825881958
0.7126159071922302
0.5556818246841431
0.7158867120742798
0.5188234448432922
0.7777012586593628
0.5658553838729858
0.7909166216850281
0.5007756948471069
0.8439606428146362
0.5753093957901001
0.8732525110244751
0.0
0.0
0.0
0.0
0.0
0.0
0.5341700315475464
0.5915526747703552
0.5491716265678406
0.59716796875
0.5231753587722778
0.6230083703994751
0.5552401542663574
0.6329346895217896
0.5161367654800415
0.6762123703956604
0.5651972889900208
0.6783764958381653
0.0
0.0
0.5658852458000183
0.7150603532791138
0.5257665514945984
0.7093144059181213
0.5509419441223145
0.71943598985672
0.511356770992279
0.7564067244529724
0.5617794990539551
0.790397047996521
0.4967401623725891
0.8085600137710571
0.5713731050491333
0.8707749843597412
0.0
0.0
0.0
0.0
0.0
0.0
0.5275686979293823
0.5916141867637634
0.5423734784126282
0.5960234999656677
0.5176240801811218
0.6230774521827698
0.5480023622512817
0.6335843205451965
0.5107101202011108
0.6663141846656799
0.5527904629707336
0.6757139563560486
0.0
0.0
0.0
0.0
0.5147032141685486
0.7115685939788818
0.5401192307472229
0.7201178669929504
0.5047001838684082
0.7604531049728394
0.5527306795120239
0.7884818911552429
0.4834360182285309
0.8082217574119568
0.5629643797874451
0.8589881062507629
0.0
0.0
0.0
0.0
0.0
0.0
0.5276039838790894
0.5916563272476196
0.5424216389656067
0.5960776209831238
0.5176398158073425
0.6231240034103394
0.547991156578064
0.6336418390274048
0.5106839537620544
0.6662762761116028
0.5528131723403931
0.6759783625602722
0.0
0.0
0.0
0.0
0.5147111415863037
0.7116074562072754
0.540101945400238
0.7201371788978577
0.5046814680099487
0.7605526447296143
0.5527166128158569
0.7884619235992432
0.4834253787994385
0.8083586692810059
0.5629311800003052
0.8589920997619629
0.0
0.0
0.0
0.0
0.0
0.0
0.0
0.0
0.536597728729248
0.5968888401985168
0.5111632943153381
0.6246411800384521
0.5407000780105591
0.6337264776229858
0.5013140439987183
0.6687076091766357
0.5451640486717224
0.6724446415901184
0.0
0.0
0.0
0.0
0.5049753189086914
0.7109681963920593
0.5297411680221558
0.7170229554176331
0.4962962567806244
0.7594213485717773
0.5456870198249817
0.7776175737380981
0.47689056396484375
0.8151869177818298
0.5582658052444458
0.8449299931526184
0.0
0.0
0.0
0.0
0.0
0.0
0.0
0.0
0.5321709513664246
0.5937647223472595
0.5066025257110596
0.6200133562088013
0.5356575846672058
0.6297967433929443
0.49516525864601135
0.6620612144470215
0.541222095489502
0.6766086220741272
0.5005028247833252
0.6805315613746643
0.544408917427063
0.7002565860748291
0.5011330842971802
0.7054131627082825
0.5243751406669617
0.7106906175613403
0.49309152364730835
0.76128089427948
0.5362533926963806
0.7696281671524048
0.48045453429222107
0.8202699422836304
0.5482230186462402
0.833178699016571
0.0
0.0
0.0
0.0
0.0
0.0
0.0
0.0
0.5278930068016052
0.5876029133796692
0.5019341707229614
0.6136361360549927
0.5316214561462402
0.6254575252532959
0.49046722054481506
0.6546756625175476
0.5353684425354004
0.677919864654541
0.0
0.0
0.5359560251235962
0.7172671556472778
0.49740180373191833
0.6998969912528992
0.5209365487098694
0.706049919128418
0.4915842115879059
0.7623750567436218
0.5311411619186401
0.7705895304679871
0.47943955659866333
0.8243563175201416
0.5418118238449097
0.8371397256851196
0.0
0.0
0.0
0.0
0.0
0.0
0.0
0.0
0.5251166820526123
0.5823005437850952
0.49928945302963257
0.6078314781188965
0.527601957321167
0.6199454665184021
0.4890556335449219
0.6489537954330444
0.5305951237678528
0.6666894555091858
0.0
0.0
0.5360059142112732
0.6879581212997437
0.4950993061065674
0.6965432167053223
0.5172841548919678
0.7037734985351562
0.49196523427963257
0.7586324214935303
0.5291277170181274
0.7716894149780273
0.4798366129398346
0.8213734030723572
0.533379077911377
0.842660665512085
0.531389594078064
0.582301676273346
0.0
0.0
0.5286778211593628
0.5763105750083923
0.0
0.0
0.5215415358543396
0.5770959854125977
0.4968879222869873
0.6036170721054077
0.5254198312759399
0.6141760945320129
0.0
0.0
0.5277196168899536
0.6610291600227356
0.0
0.0
0.5309335589408875
0.6890343427658081
0.4932134747505188
0.6908868551254272
0.5155598521232605
0.6971664428710938
0.4904348850250244
0.7550080418586731
0.5260018110275269
0.765981912612915
0.47976747155189514
0.8187651634216309
0.5275248289108276
0.8379162549972534
0.5313833951950073
0.5823707580566406
0.0
0.0
0.5286885499954224
0.5763626098632812
0.0
0.0
0.5215600728988647
0.577095627784729
0.49690595269203186
0.6036491990089417
0.5253930687904358
0.6141697764396667
0.0
0.0
0.5277169942855835
0.6610857844352722
0.0
0.0
0.5310790538787842
0.6889969110488892
0.49321383237838745
0.6909274458885193
0.5155255198478699
0.6971355080604553
0.4904697835445404
0.7552746534347534
0.5259670615196228
0.7659249901771545
0.4797958731651306
0.8192822933197021
0.5275161266326904
0.8378617763519287
0.5299822688102722
0.5768283605575562
0.0
0.0
0.5272597670555115
0.570550262928009
0.0
0.0
0.5186578035354614
0.5716162919998169
0.4943392872810364
0.5971848964691162
0.5233325958251953
0.610263466835022
0.4836958944797516
0.6383390426635742
0.5251742601394653
0.6609640121459961
0.4790593981742859
0.673819363117218
0.5298534631729126
0.6927775740623474
0.49092453718185425
0.6841928958892822
0.5129448175430298
0.6910944581031799
0.49023860692977905
0.749098539352417
0.5248832106590271
0.7601562738418579
0.4827316403388977
0.8131492733955383
0.5243641138076782
0.829504132270813
0.526965320110321
0.5735946893692017
0.0
0.0
0.5246927738189697
0.5671703815460205
0.0
0.0
0.5166438817977905
0.5669726729393005
0.4935217499732971
0.5918908715248108
0.5195444822311401
0.6058855652809143
0.4786505699157715
0.630689263343811
0.5221396684646606
0.6583593487739563
0.47047916054725647
0.6694335341453552
0.529072642326355
0.6898361444473267
0.49052372574806213
0.6797703504562378
0.5095393657684326
0.686983585357666
0.48957547545433044
0.7462409138679504
0.5203968286514282
0.7559464573860168
0.480191171169281
0.8159818649291992
0.5203257203102112
0.8265644311904907
0.5251721143722534
0.5697615742683411
0.0
0.0
0.5227696299552917
0.5637115240097046
0.0
0.0
0.5139495134353638
0.5644891262054443
0.4929511547088623
0.5876301527023315
0.5178747773170471
0.602451503276825
0.47592759132385254
0.6232403516769409
0.5205367207527161
0.6533578038215637
0.4675370752811432
0.6643752455711365
0.5257688164710999
0.679652750492096
0.4914902150630951
0.6760134100914001
0.5095492005348206
0.6825950741767883
0.4879721999168396
0.7466617226600647
0.5168244242668152
0.7519069910049438
0.4791433811187744
0.8197266459465027
0.518009603023529
0.8212254643440247
0.5237954258918762
0.5677412748336792
0.0
0.0
0.5211047530174255
0.5617550015449524
0.0
0.0
0.5112476348876953
0.5630999803543091
0.4913395047187805
0.5851908922195435
0.5161626935005188
0.6011605262756348
0.4742557406425476
0.6177868843078613
0.5186633467674255
0.6516910791397095
0.467573881149292
0.6581565141677856
0.5241433382034302
0.6698595881462097
0.4904773235321045
0.6742307543754578
0.5083451271057129
0.6806917190551758
0.4873631000518799
0.7465068101882935
0.5157203078269958
0.7493339776992798
0.4790894389152527
0.8214073777198792
0.5158753395080566
0.8171383142471313
0.522803783416748
0.5669611692428589
0.0
0.0
0.5202709436416626
0.5607749819755554
0.0
0.0
0.5104304552078247
0.5611670017242432
0.49030789732933044
0.5840358138084412
0.5141104459762573
0.5987929701805115
0.4726763367652893
0.6178621649742126
0.5173395872116089
0.649694561958313
0.467663049697876
0.6546361446380615
0.525858998298645
0.6665259599685669
0.4889514446258545
0.6735045313835144
0.5061135292053223
0.6796758770942688
0.48765620589256287
0.744178831577301
0.5155970454216003
0.7464814782142639
0.4797457158565521
0.819836437702179
0.5163569450378418
0.815381646156311
0.5228285789489746
0.5670138597488403
0.0
0.0
0.5202880501747131
0.5608121156692505
0.0
0.0
0.510409414768219
0.5611558556556702
0.49026361107826233
0.5841093063354492
0.5141506195068359
0.5988584160804749
0.4725707471370697
0.6180175542831421
0.5173863172531128
0.6497793197631836
0.46764248609542847
0.6547757387161255
0.5258463621139526
0.6665772199630737
0.488966166973114
0.6736732125282288
0.5061908960342407
0.6798228025436401
0.4874819219112396
0.7443235516548157
0.5154709815979004
0.7465896010398865
0.47955456376075745
0.8200145959854126
0.5162698030471802
0.8155419230461121
0.521816611289978
0.566032350063324
0.0
0.0
0.5193837881088257
0.5598443746566772
0.0
0.0
0.5095887780189514
0.5604996085166931
0.48931995034217834
0.5840439200401306
0.5132981538772583
0.5985894799232483
0.4729580283164978
0.6177793145179749
0.5166142582893372
0.650959849357605
0.46663013100624084
0.6523489356040955
0.5266178846359253
0.6656969785690308
0.487750381231308
0.6744436621665955
0.5051363706588745
0.6800165772438049
0.48591119050979614
0.7458257079124451
0.5148289203643799
0.7455733418464661
0.4804244637489319
0.8219754695892334
0.5173051357269287
0.8130035400390625
0.5211500525474548
0.5655930638313293
0.0
0.0
0.5188268423080444
0.5595245361328125
0.0
0.0
0.5094192028045654
0.5600944757461548
0.4893094003200531
0.583569347858429
0.5125886797904968
0.5975333452224731
0.473672479391098
0.617447018623352
0.516556441783905
0.6486377120018005
0.46823492646217346
0.6542561054229736
0.528018593788147
0.6638414859771729
0.487632691860199
0.6733773946762085
0.5046501755714417
0.6787872314453125
0.4852103590965271
0.7453237175941467
0.5148173570632935
0.745270848274231
0.4803957939147949
0.8207814693450928
0.5183745622634888
0.8122454881668091
0.5212586522102356
0.5651091933250427
0.0
0.0
0.5190224051475525
0.5587290525436401
0.0
0.0
0.5097916722297668
0.5590882897377014
0.4879934787750244
0.5846564173698425
0.5122310519218445
0.5966536402702332
0.47384628653526306
0.6189650297164917
0.5171617269515991
0.6476803421974182
0.46966224908828735
0.6561034321784973
0.5292339324951172
0.6614894270896912
0.48659810423851013
0.6728569865226746
0.5044223070144653
0.6774960160255432
0.4853854775428772
0.7443081140518188
0.5184071660041809
0.7431907057762146
0.48189377784729004
0.8184541463851929
0.5219048261642456
0.808064341545105
0.5213110446929932
0.5650575160980225
0.0
0.0
0.5190232396125793
0.5588157773017883
0.0
0.0
0.5097797513008118
0.5592304468154907
0.48837488889694214
0.5838220119476318
0.5123797655105591
0.5976377129554749
0.47355183959007263
0.6178250312805176
0.5178791284561157
0.6487979888916016
0.4716106951236725
0.6587809920310974
0.5298157930374146
0.6617467999458313
0.48632803559303284
0.6717603206634521
0.5039169192314148
0.6772714853286743
0.48566508293151855
0.7428825497627258
0.5171206593513489
0.7436351180076599
0.4816603660583496
0.8159237504005432
0.5222130417823792
0.8074150681495667
0.5219139456748962
0.565752387046814
0.0
0.0
0.5197821259498596
0.5596096515655518
0.0
0.0
0.5107526779174805
0.5593705177307129
0.48876604437828064
0.5832961797714233
0.5128646492958069
0.5969476699829102
0.47317925095558167
0.6179994940757751
0.5192678570747375
0.648282527923584
0.4737902283668518
0.6572203040122986
0.5310314297676086
0.6608838438987732
0.48706093430519104
0.671867847442627
0.5047067999839783
0.677364706993103
0.4858958125114441
0.7434604167938232
0.517240047454834
0.7440251708030701
0.4813411235809326
0.8154497742652893
0.5231168270111084
0.8069548010826111
0.5219071507453918
0.5655782222747803
0.0
0.0
0.5198174715042114
0.5594596266746521
0.0
0.0
0.5108999609947205
0.5592998266220093
0.48877906799316406
0.5833130478858948
0.512832522392273
0.5968980193138123
0.47328805923461914
0.6180744767189026
0.519263744354248
0.648228645324707
0.4737390875816345
0.6572076082229614
0.5310614109039307
0.6608197689056396
0.487116277217865
0.6718983054161072
0.5047237873077393
0.6773698329925537
0.48588839173316956
0.7434738874435425
0.5172680616378784
0.7440077066421509
0.4813421368598938
0.8154388666152954
0.52311110496521
0.8069052696228027
0.5224310755729675
0.5659887194633484
0.0
0.0
0.5202606320381165
0.559845507144928
0.0
0.0
0.5110684633255005
0.5597076416015625
0.4891761243343353
0.583587646484375
0.513929545879364
0.5967013239860535
0.47374334931373596
0.617489218711853
0.5205038189888
0.6477242708206177
0.4737681448459625
0.6580714583396912
0.5309833288192749
0.6622211933135986
0.4871676564216614
0.6712331771850586
0.5052965879440308
0.676144003868103
0.4853896498680115
0.7434452772140503
0.51714688539505
0.7423211932182312
0.4814475178718567
0.8163719177246094
0.5233198404312134
0.8052739500999451
0.5238404273986816
0.5667943954467773
0.0
0.0
0.5217126607894897
0.560461163520813
0.0
0.0
0.5130228400230408
0.5606470108032227
0.48914939165115356
0.5846529006958008
0.5166211724281311
0.5993356108665466
0.4744037091732025
0.6190847754478455
0.5236849784851074
0.650772750377655
0.4733017086982727
0.6599478125572205
0.5323222875595093
0.6611429452896118
0.486626535654068
0.6707115769386292
0.5066553354263306
0.6759614944458008
0.4873206615447998
0.7434191107749939
0.5178363919258118
0.7432807683944702
0.48347535729408264
0.8180384039878845
0.5246220827102661
0.8082168698310852
0.5256200432777405
0.5682457685470581
0.0
0.0
0.5230838656425476
0.5620748996734619
0.0
0.0
0.5131741762161255
0.5630133152008057
0.4910622537136078
0.5854847431182861
0.5180416703224182
0.6026138067245483
0.4743379056453705
0.6166433691978455
0.5253304839134216
0.6551550030708313
0.4732193946838379
0.6595668196678162
0.5298476815223694
0.6663769483566284
0.48775309324264526
0.6719395518302917
0.5071846842765808
0.6783745884895325
0.4863413870334625
0.7439039349555969
0.5168828368186951
0.7450492978096008
0.481179803609848
0.8190169334411621
0.5234065651893616
0.8091632127761841
0.5270568132400513
0.5693754553794861
0.0
0.0
0.5247942209243774
0.5633195042610168
0.0
0.0
0.5157832503318787
0.5645691156387329
0.49180102348327637
0.5864245295524597
0.5205093622207642
0.6045380234718323
0.4766519069671631
0.617173433303833
0.5281840562820435
0.6550912857055664
0.4714335799217224
0.6592004895210266
0.5324097871780396
0.6612633466720581
0.48891162872314453
0.6732944846153259
0.5096933841705322
0.6800394654273987
0.4888474941253662
0.7431820631027222
0.5189673900604248
0.7461309432983398
0.483722448348999
0.816956102848053
0.525610089302063
0.8103800415992737
0.5282710194587708
0.5692959427833557
0.0
0.0
0.5260425806045532
0.5633822679519653
0.0
0.0
0.5172134637832642
0.564857542514801
0.4926021695137024
0.5872517228126526
0.5217546224594116
0.6040338277816772
0.47726231813430786
0.6195245981216431
0.5296160578727722
0.6541321873664856
0.4709337651729584
0.6600063443183899
0.5339001417160034
0.6608204245567322
0.4891929030418396
0.6745153069496155
0.5102239847183228
0.6807098388671875
0.4888477325439453
0.7442556023597717
0.5197409987449646
0.7468225359916687
0.4834771156311035
0.8182774186134338
0.525853157043457
0.8120946288108826
0.5282764434814453
0.5693260431289673
0.0
0.0
0.5260424017906189
0.5634139180183411
0.0
0.0
0.5171941518783569
0.5648749470710754
0.4925951361656189
0.5872340798377991
0.521757960319519
0.6040014624595642
0.4772617220878601
0.6195074319839478
0.5295832753181458
0.6541181206703186
0.47092047333717346
0.6599852442741394
0.5339027643203735
0.6608898639678955
0.4891810417175293
0.6745226383209229
0.5102227330207825
0.6807140111923218
0.4888485074043274
0.7441675662994385
0.519763171672821
0.7467415928840637
0.4834403395652771
0.8182032108306885
0.5258246660232544
0.8120510578155518
0.5299611687660217
0.568564772605896
0.0
0.0
0.5278220772743225
0.562723696231842
0.0
0.0
0.5189377069473267
0.5639780759811401
0.49380093812942505
0.5854286551475525
0.5233712196350098
0.6013777852058411
0.4784775674343109
0.6184545755386353
0.5306515097618103
0.651949405670166
0.47071924805641174
0.6589786410331726
0.5356231927871704
0.6637142896652222
0.4899013936519623
0.6724256873130798
0.5111409425735474
0.6781595945358276
0.48996227979660034
0.743208646774292
0.5206884145736694
0.7447855472564697
0.48425206542015076
0.8173469305038452
0.5254311561584473
0.8107627034187317
0.5298694372177124
0.5658484101295471
0.0
0.0
0.5273467302322388
0.5602086186408997
0.0
0.0
0.5179317593574524
0.5620651841163635
0.49416834115982056
0.5831056237220764
0.5233796834945679
0.5990251898765564
0.4770360589027405
0.6174005270004272
0.5295785665512085
0.651960015296936
0.4712945520877838
0.6598576307296753
0.529248833656311
0.6687037348747253
0.49099892377853394
0.6703595519065857
0.5117343664169312
0.6764371991157532
0.488524854183197
0.7422427535057068
0.5194857120513916
0.744400680065155
0.4808238446712494
0.8173418045043945
0.5231153964996338
0.8109492659568787
0.5287837386131287
0.5635110139846802
0.0
0.0
0.5264970660209656
0.5575290322303772
0.0
0.0
0.5176671743392944
0.5582833886146545
0.4937220513820648
0.5810720920562744
0.5225450396537781
0.5952444672584534
0.4779180586338043
0.6168458461761475
0.5300952196121216
0.6476161479949951
0.47287026047706604
0.6583189964294434
0.5305763483047485
0.6666157841682434
0.4913131594657898
0.669198215007782
0.5119975805282593
0.6748284101486206
0.4875222146511078
0.7415032982826233
0.519343912601471
0.7439131140708923
0.4798732399940491
0.8160151839256287
0.5239253640174866
0.811352014541626
0.5283640027046204
0.5603395700454712
0.0
0.0
0.5261251330375671
0.5545957684516907
0.0
0.0
0.5180361866950989
0.5559411644935608
0.4936908185482025
0.5799964666366577
0.5227214694023132
0.5937562584877014
0.47831860184669495
0.6167216897010803
0.5302608013153076
0.6454480290412903
0.4747636914253235
0.6571156978607178
0.5270662307739258
0.6616267561912537
0.4912538528442383
0.6684845685958862
0.5124547481536865
0.6740266680717468
0.48609811067581177
0.7383894920349121
0.5205600261688232
0.7414464950561523
0.4777328372001648
0.8121476173400879
0.5253750085830688
0.8087296485900879
0.5279906988143921
0.5611832737922668
0.0
0.0
0.5257410407066345
0.5554384589195251
0.0
0.0
0.5176819562911987
0.5562007427215576
0.4932221472263336
0.580564558506012
0.5224403142929077
0.5937656760215759
0.47867387533187866
0.6185995936393738
0.5301098227500916
0.6455075740814209
0.47572994232177734
0.6578271389007568
0.5264502763748169
0.6630980968475342
0.49151355028152466
0.6675064563751221
0.513592004776001
0.6729010939598083
0.48340001702308655
0.738190233707428
0.522465169429779
0.7410322427749634
0.47276315093040466
0.8126071691513062
0.5288453698158264
0.8095391988754272
0.527972936630249
0.5611057877540588
0.0
0.0
0.5257290601730347
0.5553684234619141
0.0
0.0
0.5177062153816223
0.5561679601669312
0.49324846267700195
0.580628514289856
0.5224546194076538
0.5937361121177673
0.47865065932273865
0.6186571717262268
0.5301035642623901
0.6454527974128723
0.475724458694458
0.6578054428100586
0.5261775255203247
0.6630029678344727
0.4915233552455902
0.6675179600715637
0.5135896801948547
0.6728488802909851
0.48346003890037537
0.7382332682609558
0.5224660038948059
0.7409124374389648
0.4727547764778137
0.8126564025878906
0.5288453698158264
0.8093271851539612
0.5267596244812012
0.5608217716217041
0.0
0.0
0.5246312618255615
0.5558977127075195
0.0
0.0
0.5182703733444214
0.5589579939842224
0.4936642050743103
0.5825800895690918
0.5230013728141785
0.5962585210800171
0.48012977838516235
0.6219895482063293
0.5286208391189575
0.6480522751808167
0.4774478077888489
0.6560254096984863
0.5248669385910034
0.6580491662025452
0.49067196249961853
0.6688506603240967
0.5140296220779419
0.6735292077064514
0.48283129930496216
0.7420411109924316
0.524030327796936
0.7429233193397522
0.46913447976112366
0.8146818280220032
0.5358233451843262
0.8087607622146606
0.0
0.0
0.0
0.0
0.0
0.0
0.0
0.0
0.519321620464325
0.5618314743041992
0.4920545220375061
0.5897954106330872
0.5223156809806824
0.6001996994018555
0.4797493517398834
0.6305351257324219
0.5289257764816284
0.6524975299835205
0.4783170223236084
0.6624231338500977
0.5257916450500488
0.6739423871040344
0.4898715615272522
0.6760463118553162
0.5144901275634766
0.6799091696739197
0.47887635231018066
0.7457959651947021
0.5287970304489136
0.7480872273445129
0.4648103713989258
0.8165490627288818
0.5398157835006714
0.814496636390686
0.0
0.0
0.0
0.0
0.0
0.0
0.5015107989311218
0.568432092666626
0.5165976881980896
0.5709229707717896
0.4913874566555023
0.5997099280357361
0.5209857225418091
0.6070387363433838
0.4814177453517914
0.6434144973754883
0.5290877223014832
0.6574687361717224
0.4797907769680023
0.6766865849494934
0.5271690487861633
0.6806856989860535
0.48921889066696167
0.6835076212882996
0.513988733291626
0.6861602067947388
0.47687238454818726
0.7499538660049438
0.5305677652359009
0.7518804669380188
0.46125203371047974
0.8179451823234558
0.5435055494308472
0.8169955015182495
0.0
0.0
0.0
0.0
0.0
0.0
0.0
0.0
0.516304075717926
0.5817115902900696
0.4907398819923401
0.6108580231666565
0.5208719968795776
0.6179495453834534
0.4830774664878845
0.6553752422332764
0.5276808142662048
0.6682395339012146
0.4810067117214203
0.6922739744186401
0.524453341960907
0.6930553913116455
0.48935359716415405
0.6951076984405518
0.5151293277740479
0.6974119544029236
0.47548240423202515
0.7564354538917542
0.5319706797599792
0.7561914324760437
0.4617161154747009
0.8217412233352661
0.5480881333351135
0.8172095417976379
0.0
0.0
0.0
0.0
0.0
0.0
0.0
0.0
0.5160610675811768
0.5905908346176147
0.4911753535270691
0.6193256378173828
0.5215511918067932
0.6274771094322205
0.48467010259628296
0.6656692624092102
0.5279538631439209
0.6826096177101135
0.48129239678382874
0.7098256349563599
0.5276155471801758
0.7226392030715942
0.489147424697876
0.7028234004974365
0.5151877403259277
0.705603301525116
0.47519081830978394
0.7616740465164185
0.5320864915847778
0.7620466351509094
0.46197718381881714
0.8236897587776184
0.5484775900840759
0.8203229904174805
0.0
0.0
0.0
0.0
0.0
0.0
0.0
0.0
0.5161107778549194
0.590544581413269
0.4911767840385437
0.6192859411239624
0.521562933921814
0.6275171637535095
0.48465290665626526
0.6656867265701294
0.5279449820518494
0.6826565265655518
0.4813370108604431
0.7097882032394409
0.5276342630386353
0.722770094871521
0.4891068935394287
0.7027546167373657
0.5151605606079102
0.7056103348731995
0.47516441345214844
0.7616679072380066
0.5320793390274048
0.762273907661438
0.4618731141090393
0.8237028121948242
0.5485067367553711
0.8207342624664307
0.0
0.0
0.0
0.0
0.0
0.0
0.5029720664024353
0.5928753614425659
0.5183877348899841
0.5955094695091248
0.49290210008621216
0.6251526474952698
0.5239521265029907
0.6316084265708923
0.48695674538612366
0.6734098792076111
0.5307101607322693
0.6846797466278076
0.483462393283844
0.7161411643028259
0.5273838043212891
0.7140382528305054
0.490872323513031
0.707219123840332
0.5173547863960266
0.7091622948646545
0.4765344560146332
0.7634797692298889
0.5343301892280579
0.7634305357933044
0.4627046585083008
0.8248630166053772
0.5471643209457397
0.821250855922699
0.0
0.0
0.0
0.0
0.0
0.0
0.0
0.0
0.5228835344314575
0.5956286787986755
0.49696841835975647
0.6274526119232178
0.5292596220970154
0.6309258341789246
0.4899572730064392
0.6753214597702026
0.5337386131286621
0.6835973262786865
0.490753710269928
0.7136846780776978
0.5303769111633301
0.719758927822113
0.4953030049800873
0.7107999324798584
0.5223721861839294
0.7111079096794128
0.48077377676963806
0.7657886147499084
0.5363962650299072
0.7617137432098389
0.4649910032749176
0.8242199420928955
0.5458327531814575
0.8162368535995483
0.0
0.0
0.0
0.0
0.0
0.0
0.5150068402290344
0.5904846787452698
0.5293111801147461
0.5923072099685669
0.5077248811721802
0.6220479011535645
0.5365911722183228
0.6281573176383972
0.4979853630065918
0.6634451150894165
0.5381951332092285
0.6751784086227417
0.4942694306373596
0.703141450881958
0.531994640827179
0.7021207213401794
0.5029920935630798
0.7059515118598938
0.5269029140472412
0.707421600818634
0.488910049200058
0.7631118893623352
0.5368136763572693
0.7646567225456238
0.4690374433994293
0.8201402425765991
0.5420359969139099
0.818064272403717
0.0
0.0
0.0
0.0
0.0
0.0
0.5207549333572388
0.5874671339988708
0.5362356305122375
0.5916601419448853
0.5126984715461731
0.6170729398727417
0.5423654317855835
0.6248583793640137
0.5021542310714722
0.6626596450805664
0.548025906085968
0.6677007675170898
0.5057170987129211
0.6716379523277283
0.0
0.0
0.5088769197463989
0.7047545313835144
0.5318986177444458
0.7099402546882629
0.49280762672424316
0.7573938369750977
0.5336047410964966
0.775749146938324
0.46697336435317993
0.8131198287010193
0.5287050604820251
0.8442116379737854
0.0
0.0
0.0
0.0
0.0
0.0
0.0
0.0
0.5427271127700806
0.586711049079895
0.5192625522613525
0.6165688037872314
0.5492249727249146
0.6201817393302917
0.5045217275619507
0.6603473424911499
0.5540784597396851
0.6692427396774292
0.5063401460647583
0.6610759496688843
0.0
0.0
0.5188692808151245
0.7020643353462219
0.5426638126373291
0.7035297751426697
0.5011918544769287
0.7492035627365112
0.5521672964096069
0.7503272294998169
0.4755224585533142
0.8119151592254639
0.5490483045578003
0.8118960857391357
0.0
0.0
0.0
0.0
0.0
0.0
0.0
0.0
0.5427835583686829
0.5866910815238953
0.5192916989326477
0.6165664792060852
0.549277663230896
0.6201887726783752
0.504509687423706
0.6603876948356628
0.5540899038314819
0.6692647933959961
0.5062699317932129
0.6610657572746277
0.0
0.0
0.5188647508621216
0.7020434737205505
0.5426772832870483
0.7035210728645325
0.501200795173645
0.748903751373291
0.5521801114082336
0.7501214146614075
0.47552290558815
0.811650276184082
0.5490740537643433
0.8117772340774536
0.0
0.0
0.0
0.0
0.0
0.0
0.5358957052230835
0.5817162394523621
0.5487743616104126
0.584043562412262
0.5273323655128479
0.6130279302597046
0.5521277189254761
0.6164971590042114
0.512770414352417
0.6523230075836182
0.5555910468101501
0.6576864123344421
0.5176609754562378
0.6688991189002991
0.0
0.0
0.5218182802200317
0.6906421184539795
0.5420396327972412
0.6930686831474304
0.5098854303359985
0.7477280497550964
0.5514821410179138
0.7551966309547424
0.48772114515304565
0.8021073937416077
0.5533928275108337
0.8137342929840088
0.0
0.0
0.0
0.0
0.0
0.0
0.0
0.0
0.5545861721038818
0.5817385911941528
0.5334748029708862
0.6090129613876343
0.5572434067726135
0.613871157169342
0.5187703371047974
0.6431843638420105
0.0
0.0
0.0
0.0
0.0
0.0
0.5289692282676697
0.6874672770500183
0.5467076301574707
0.689672589302063
0.523655116558075
0.7491711378097534
0.5505409240722656
0.7536172866821289
0.5096321105957031
0.8066611289978027
0.5510037541389465
0.8102694749832153
0.0
0.0
0.0
0.0
0.0
0.0
0.0
0.0
0.5545861721038818
0.5817385911941528
0.5334748029708862
0.6090129613876343
0.5572434067726135
0.613871157169342
0.5187703371047974
0.6431843638420105
0.0
0.0
0.0
0.0
0.0
0.0
0.5289692282676697
0.6874672770500183
0.5467076301574707
0.689672589302063
0.523655116558075
0.7491711378097534
0.5505409240722656
0.7536172866821289
0.5096321105957031
0.8066611289978027
0.5510037541389465
0.8102694749832153
0.0
0.0
0.0
0.0
0.0
0.0
0.0
0.0
0.5545861721038818
0.5817385911941528
0.5334748029708862
0.6090129613876343
0.5572434067726135
0.613871157169342
0.5187703371047974
0.6431843638420105
0.0
0.0
0.0
0.0
0.0
0.0
0.5289692282676697
0.6874672770500183
0.5467076301574707
0.689672589302063
0.523655116558075
0.7491711378097534
0.5505409240722656
0.7536172866821289
0.5096321105957031
0.8066611289978027
0.5510037541389465
0.8102694749832153
0.0
0.0
0.0
0.0
0.0
0.0
0.0
0.0
0.5545861721038818
0.5817385911941528
0.5334748029708862
0.6090129613876343
0.5572434067726135
0.613871157169342
0.5187703371047974
0.6431843638420105
0.0
0.0
0.0
0.0
0.0
0.0
0.5289692282676697
0.6874672770500183
0.5467076301574707
0.689672589302063
0.523655116558075
0.7491711378097534
0.5505409240722656
0.7536172866821289
0.5096321105957031
0.8066611289978027
0.5510037541389465
0.8102694749832153
0.0
0.0
0.0
0.0
0.0
0.0
0.0
0.0
0.5545861721038818
0.5817385911941528
0.5334748029708862
0.6090129613876343
0.5572434067726135
0.613871157169342
0.5187703371047974
0.6431843638420105
0.0
0.0
0.0
0.0
0.0
0.0
0.5289692282676697
0.6874672770500183
0.5467076301574707
0.689672589302063
0.523655116558075
0.7491711378097534
0.5505409240722656
0.7536172866821289
0.5096321105957031
0.8066611289978027
0.5510037541389465
0.8102694749832153
0.0
0.0
0.0
0.0
0.0
0.0
0.0
0.0
0.5545861721038818
0.5817385911941528
0.5334748029708862
0.6090129613876343
0.5572434067726135
0.613871157169342
0.5187703371047974
0.6431843638420105
0.0
0.0
0.0
0.0
0.0
0.0
0.5289692282676697
0.6874672770500183
0.5467076301574707
0.689672589302063
0.523655116558075
0.7491711378097534
0.5505409240722656
0.7536172866821289
0.5096321105957031
0.8066611289978027
0.5510037541389465
0.8102694749832153
0.0
0.0
0.0
0.0
0.0
0.0
0.0
0.0
0.5545861721038818
0.5817385911941528
0.5334748029708862
0.6090129613876343
0.5572434067726135
0.613871157169342
0.5187703371047974
0.6431843638420105
0.0
0.0
0.0
0.0
0.0
0.0
0.5289692282676697
0.6874672770500183
0.5467076301574707
0.689672589302063
0.523655116558075
0.7491711378097534
0.5505409240722656
0.7536172866821289
0.5096321105957031
0.8066611289978027
0.5510037541389465
0.8102694749832153
0.0
0.0
0.0
0.0
0.0
0.0
0.0
0.0
0.5656479597091675
0.5838965773582458
0.5432524681091309
0.60737144947052
0.5629055500030518
0.614277720451355
0.5250126123428345
0.6402065753936768
0.0
0.0
0.0
0.0
0.0
0.0
0.5373238921165466
0.6857089400291443
0.5510715246200562
0.6902859210968018
0.5356924533843994
0.7448945641517639
0.5520535111427307
0.7568739056587219
0.5201095342636108
0.8004207015037537
0.542750895023346
0.8186697959899902
0.6185442209243774
0.6256495714187622
0.0
0.0
0.6175862550735474
0.6210152506828308
0.0
0.0
0.6114927530288696
0.6234496831893921
0.5925557613372803
0.6404224634170532
0.6004040241241455
0.6513575911521912
0.6097792387008667
0.6595607995986938
0.5922636389732361
0.7042242288589478
0.6307973861694336
0.6565031409263611
0.6071540117263794
0.7300118207931519
0.5737153887748718
0.7283720970153809
0.5859590768814087
0.7325807213783264
0.5745571851730347
0.767824649810791
0.6229754686355591
0.7644860744476318
0.5653597116470337
0.8310034871101379
0.6430779099464417
0.8220771551132202
0.0
0.0
0.0
0.0
0.0
0.0
0.0
0.0
0.6206057071685791
0.6360013484954834
0.6092883348464966
0.6449615955352783
0.6074329018592834
0.6657502055168152
0.6261466145515442
0.6580348014831543
0.601732611656189
0.715700626373291
0.641769528388977
0.656340479850769
0.6143430471420288
0.7290089130401611
0.58655846118927
0.7342351078987122
0.5940459370613098
0.7434052228927612
0.5720857381820679
0.771753191947937
0.6260753273963928
0.7823910117149353
0.5408498644828796
0.8331505656242371
0.6420908570289612
0.8427871465682983
0.0
0.0
0.0
0.0
0.0
0.0
0.0
0.0
0.6205517053604126
0.635917603969574
0.6091951727867126
0.6449515223503113
0.6073709726333618
0.6656731963157654
0.6259864568710327
0.6580991744995117
0.6016806364059448
0.7156299352645874
0.6416687965393066
0.6560698747634888
0.6142521500587463
0.7290376424789429
0.5864328742027283
0.7344117760658264
0.593960165977478
0.7436032891273499
0.5720394849777222
0.7720111608505249
0.6261323690414429
0.7828450798988342
0.5409347414970398
0.8337990045547485
0.6421747207641602
0.8439207077026367
0.646385669708252
0.6464256644248962
0.0
0.0
0.6428593993186951
0.642493486404419
0.0
0.0
0.6336511969566345
0.645829439163208
0.6207630634307861
0.6616602540016174
0.6219818592071533
0.6782928705215454
0.62763512134552
0.7153820395469666
0.6113938093185425
0.7369085550308228
0.6421399116516113
0.7614567279815674
0.6320589184761047
0.7761906385421753
0.5907422304153442
0.7488919496536255
0.5994366407394409
0.7584714889526367
0.5719550251960754
0.7864393591880798
0.6257649660110474
0.808601975440979
0.5405498743057251
0.8351027369499207
0.6306589841842651
0.8696432113647461
0.0
0.0
0.0
0.0
0.6387110948562622
0.652486264705658
0.0
0.0
0.6316686868667603
0.6539371013641357
0.6255719065666199
0.673865795135498
0.6257046461105347
0.6861622333526611
0.0
0.0
0.623252272605896
0.7285677790641785
0.0
0.0
0.6307650804519653
0.7533455491065979
0.6072230935096741
0.7536890506744385
0.6163120865821838
0.763399600982666
0.5884451866149902
0.7745369672775269
0.6437868475914001
0.8063143491744995
0.553560197353363
0.810240626335144
0.6681379079818726
0.8677870631217957
0.0
0.0
0.0
0.0
0.0
0.0
0.0
0.0
0.6425473690032959
0.6615739464759827
0.6317816376686096
0.6811381578445435
0.6390719413757324
0.6901261210441589
0.647325873374939
0.7293704748153687
0.6476861834526062
0.736562967300415
0.6634598970413208
0.7442426085472107
0.6634045839309692
0.7460212707519531
0.6174463033676147
0.7563281655311584
0.6231966614723206
0.7644256353378296
0.6449481248855591
0.7850431799888611
0.6559432148933411
0.80604088306427
0.6567963361740112
0.8399636745452881
0.6753180027008057
0.8757554888725281
0.0
0.0
0.0
0.0
0.6706909537315369
0.6774275302886963
0.0
0.0
0.6632024645805359
0.6765961050987244
0.6462953686714172
0.688758909702301
0.6550319194793701
0.704435408115387
0.6664278507232666
0.7424741983413696
0.6676669120788574
0.7564558982849121
0.6882697343826294
0.7674347758293152
0.6913391947746277
0.7752599716186523
0.6156059503555298
0.7639842629432678
0.6281138062477112
0.7755763530731201
0.6100008487701416
0.7781012058258057
0.6607043743133545
0.8149839043617249
0.5849117040634155
0.8253278136253357
0.680641770362854
0.8884620070457458
0.6819222569465637
0.6951004862785339
0.0
0.0
0.6810990571975708
0.6899957656860352
0.0
0.0
0.6713603138923645
0.6873254776000977
0.6546536087989807
0.6999917030334473
0.6596132516860962
0.7108517289161682
0.0
0.0
0.679506242275238
0.7646424770355225
0.6957120895385742
0.7791619300842285
0.7079893350601196
0.7894195318222046
0.6330484747886658
0.7755928039550781
0.635355532169342
0.7841548323631287
0.6722039580345154
0.7950202822685242
0.6748746633529663
0.808430552482605
0.687768280506134
0.862415075302124
0.6882959008216858
0.8838196396827698
0.6819480657577515
0.6949669718742371
0.0
0.0
0.6811287999153137
0.6898453831672668
0.0
0.0
0.6714403033256531
0.6871522665023804
0.6546692252159119
0.6999200582504272
0.6595760583877563
0.7107715010643005
0.0
0.0
0.6794477105140686
0.7645354270935059
0.6957560777664185
0.7792510986328125
0.7079986333847046
0.7893654704093933
0.6330225467681885
0.775479793548584
0.6352857351303101
0.7841028571128845
0.6724345088005066
0.7949345707893372
0.6750100255012512
0.8085776567459106
0.687813401222229
0.8622910976409912
0.6883159279823303
0.8840928673744202
0.0
0.0
0.0
0.0
0.0
0.0
0.0
0.0
0.6806077361106873
0.6954007744789124
0.6594990491867065
0.7017179131507874
0.6698189973831177
0.7216588258743286
0.6742526292800903
0.7496262192726135
0.6846714615821838
0.7695866227149963
0.0
0.0
0.7095550298690796
0.7941854596138
0.6299892067909241
0.7689921855926514
0.6437429189682007
0.7826460003852844
0.6247352361679077
0.7891185283660889
0.6777588725090027
0.8245462775230408
0.5922142267227173
0.8235099911689758
0.6912867426872253
0.8817318677902222
0.0
0.0
0.0
0.0
0.6894116401672363
0.7032545208930969
0.0
0.0
0.6830767393112183
0.7001625299453735
0.6641481518745422
0.7081260681152344
0.6754367351531982
0.7213341593742371
0.6755302548408508
0.752623438835144
0.6869457364082336
0.7700482606887817
0.0
0.0
0.7057833075523376
0.7958968281745911
0.632626473903656
0.7718810439109802
0.6453055143356323
0.7806225419044495
0.6390925049781799
0.7992459535598755
0.6823466420173645
0.8162330389022827
0.6232970952987671
0.8540734052658081
0.6950920820236206
0.8800730109214783
0.0
0.0
0.0
0.0
0.0
0.0
0.0
0.0
0.6870414614677429
0.6964800357818604
0.6690613031387329
0.7052783370018005
0.6763599514961243
0.7196051478385925
0.6785069108009338
0.7529653906822205
0.6855818629264832
0.7665824890136719
0.0
0.0
0.7007776498794556
0.7929688096046448
0.6366740465164185
0.767641544342041
0.6476165652275085
0.7767776250839233
0.6353374719619751
0.7999932765960693
0.681779146194458
0.8263667821884155
0.6032811403274536
0.8351946473121643
0.691681981086731
0.881945788860321
0.0
0.0
0.0
0.0
0.0
0.0
0.0
0.0
0.6895195245742798
0.6929894089698792
0.6699122190475464
0.7009326219558716
0.6786453127861023
0.7183068990707397
0.676965057849884
0.7464749813079834
0.6844334006309509
0.7677967548370361
0.0
0.0
0.6994022130966187
0.8023209571838379
0.6374456286430359
0.7629898190498352
0.6485570669174194
0.7727429866790771
0.6421178579330444
0.8017103672027588
0.6829004287719727
0.824973464012146
0.6108670830726624
0.839851975440979
0.6902924180030823
0.8786690831184387
0.0
0.0
0.0
0.0
0.0
0.0
0.0
0.0
0.6883174777030945
0.6870948672294617
0.6684635281562805
0.6931833028793335
0.6783522963523865
0.7174043655395508
0.0
0.0
0.6811559200286865
0.7680551409721375
0.0
0.0
0.6945112943649292
0.7996145486831665
0.6372637152671814
0.763765275478363
0.6488879323005676
0.7769064903259277
0.6475734114646912
0.7939671874046326
0.685033917427063
0.8218764662742615
0.6147557497024536
0.8379030227661133
0.6893101930618286
0.8798577785491943
0.0
0.0
0.0
0.0
0.0
0.0
0.0
0.0
0.688280463218689
0.6872150897979736
0.6684960126876831
0.6933361291885376
0.6782987117767334
0.7175275087356567
0.0
0.0
0.6811014413833618
0.7681710124015808
0.0
0.0
0.6943438649177551
0.7997385859489441
0.6372478008270264
0.7638593912124634
0.6488242149353027
0.7769929766654968
0.6476492285728455
0.7940234541893005
0.6850646734237671
0.8219428062438965
0.6147422790527344
0.8378716111183167
0.6893197298049927
0.879858136177063
0.0
0.0
0.0
0.0
0.0
0.0
0.0
0.0
0.6862102746963501
0.6807066798210144
0.6621370911598206
0.6797310709953308
0.6753249764442444
0.7088128924369812
0.0
0.0
0.6807238459587097
0.7715252637863159
0.0
0.0
0.6949363946914673
0.7970501184463501
0.6366759538650513
0.7545067667961121
0.6439938545227051
0.7687574625015259
0.6724388003349304
0.8035728335380554
0.6655551195144653
0.821874737739563
0.6553248763084412
0.8498169779777527
0.644180417060852
0.8675171136856079
