[[          0           0]
 [          0           0]
 [          0           0]
 [    0.49409     0.55932]
 [    0.50872     0.56044]
 [    0.48691     0.59147]
 [    0.51678     0.59546]
 [    0.47782     0.63499]
 [    0.52369     0.64338]
 [    0.48065     0.65409]
 [    0.52277     0.67133]
 [    0.48965     0.67839]
 [    0.50878     0.67968]
 [    0.48736     0.74611]
 [    0.49904     0.75082]
 [    0.48879     0.81193]
 [    0.49088     0.81958]]
[[          0           0]
 [          0           0]
 [          0           0]
 [     0.4914     0.54967]
 [    0.50608     0.55045]
 [    0.48526     0.58368]
 [    0.51546     0.58685]
 [    0.47601     0.63009]
 [    0.52261     0.63652]
 [    0.47657     0.64999]
 [    0.52009     0.66572]
 [    0.48758      0.6686]
 [     0.5078     0.66924]
 [    0.48073     0.73666]
 [    0.49937     0.74184]
 [    0.47716     0.80579]
 [    0.49024     0.81452]]
[[          0           0]
 [          0           0]
 [          0           0]
 [    0.48762     0.54406]
 [          0           0]
 [    0.48128     0.57791]
 [    0.51259     0.58014]
 [    0.47172     0.62523]
 [    0.52244     0.63126]
 [    0.47506     0.64504]
 [    0.51817     0.66167]
 [    0.48544     0.66314]
 [    0.50647     0.66409]
 [    0.47858     0.72914]
 [    0.50049     0.73445]
 [    0.47175     0.79504]
 [    0.49291     0.80405]]
[[          0           0]
 [          0           0]
 [          0           0]
 [    0.48767     0.54411]
 [          0           0]
 [    0.48129     0.57793]
 [    0.51261     0.58016]
 [    0.47172     0.62527]
 [    0.52241     0.63116]
 [    0.47496     0.64531]
 [    0.51818      0.6615]
 [    0.48543     0.66309]
 [    0.50646     0.66405]
 [    0.47858     0.72905]
 [     0.5005     0.73437]
 [    0.47182      0.7949]
 [    0.49295     0.80389]]
[[          0           0]
 [          0           0]
 [          0           0]
 [     0.4851     0.54145]
 [    0.49947     0.54024]
 [    0.48012     0.57668]
 [    0.51055     0.57499]
 [    0.47196     0.62207]
 [    0.52028     0.62246]
 [    0.47645     0.63978]
 [    0.51987     0.65043]
 [    0.48417     0.66017]
 [    0.50571     0.65821]
 [    0.47705     0.72679]
 [    0.50589     0.72655]
 [     0.4656     0.79147]
 [    0.49732     0.79346]]
[[          0           0]
 [          0           0]
 [          0           0]
 [    0.48411      0.5413]
 [    0.49871     0.54076]
 [    0.47857     0.57523]
 [    0.50914     0.57556]
 [    0.46856     0.61628]
 [    0.51834     0.62183]
 [    0.47446     0.63324]
 [    0.51671     0.65002]
 [    0.48137     0.65689]
 [    0.50337     0.65574]
 [    0.47362      0.7212]
 [     0.5054     0.72184]
 [    0.46138     0.78466]
 [    0.50073     0.78691]]
[[          0           0]
 [          0           0]
 [          0           0]
 [    0.48442      0.5423]
 [    0.49872     0.54222]
 [     0.4787     0.57595]
 [    0.50766     0.57791]
 [    0.46772     0.61453]
 [    0.51549     0.62538]
 [    0.47543     0.63001]
 [    0.51503     0.65343]
 [     0.4798     0.65702]
 [    0.50203     0.65663]
 [    0.47028     0.71997]
 [    0.51153     0.72064]
 [    0.45618     0.78518]
 [    0.51268     0.78607]]
[[          0           0]
 [          0           0]
 [          0           0]
 [    0.48424     0.54428]
 [    0.49825     0.54487]
 [    0.47743     0.57765]
 [    0.50582     0.58174]
 [    0.46579     0.61513]
 [    0.51295     0.63074]
 [     0.4738      0.6308]
 [    0.51559     0.66415]
 [    0.47687     0.65564]
 [    0.49941     0.65707]
 [    0.46865     0.71183]
 [    0.51534     0.71702]
 [    0.45321     0.77323]
 [     0.5203     0.78153]]
[[          0           0]
 [          0           0]
 [          0           0]
 [    0.48473     0.54972]
 [    0.49975     0.55181]
 [    0.47646     0.58451]
 [    0.50515     0.58989]
 [    0.46338     0.62397]
 [    0.51236     0.64289]
 [    0.47268     0.63285]
 [    0.51707     0.67979]
 [    0.47481      0.6652]
 [    0.49829      0.6682]
 [    0.46639     0.71018]
 [    0.51786     0.71718]
 [    0.45036      0.7647]
 [    0.52849     0.77666]]
[[          0           0]
 [          0           0]
 [          0           0]
 [    0.48472     0.54968]
 [    0.49972     0.55177]
 [     0.4764     0.58446]
 [    0.50519     0.58988]
 [    0.46326     0.62408]
 [     0.5124     0.64295]
 [    0.47242     0.63406]
 [    0.51712     0.67985]
 [    0.47468      0.6651]
 [    0.49821     0.66808]
 [    0.46641     0.71051]
 [    0.51782     0.71728]
 [    0.45026     0.76515]
 [    0.52837     0.77652]]
[[          0           0]
 [          0           0]
 [          0           0]
 [    0.48566     0.56383]
 [     0.5014     0.56677]
 [    0.47515       0.594]
 [    0.50518     0.60125]
 [    0.46025     0.63509]
 [    0.51019     0.65045]
 [    0.46806     0.65859]
 [    0.51772      0.6818]
 [    0.47223      0.6746]
 [      0.497     0.67915]
 [    0.46218     0.71622]
 [    0.52004     0.72475]
 [    0.44597     0.76644]
 [     0.5338     0.77609]]
[[          0           0]
 [          0           0]
 [          0           0]
 [      0.487     0.57072]
 [    0.50191     0.57369]
 [    0.47711     0.59911]
 [    0.50574     0.60735]
 [    0.46089     0.63804]
 [    0.50903     0.65439]
 [     0.4655     0.66228]
 [    0.50982     0.67921]
 [    0.47297     0.67836]
 [     0.4975     0.68269]
 [    0.46248     0.71442]
 [    0.52031     0.72028]
 [    0.44623      0.7652]
 [    0.53554     0.77029]]
[[          0           0]
 [          0           0]
 [          0           0]
 [    0.49014     0.57337]
 [    0.50461     0.57683]
 [    0.48059     0.60084]
 [    0.50921     0.61118]
 [    0.46545     0.64149]
 [    0.51152     0.66128]
 [    0.46486     0.67178]
 [    0.51289     0.68766]
 [    0.47464     0.67879]
 [    0.49918     0.68391]
 [    0.46337     0.71494]
 [    0.52123     0.72319]
 [    0.44691     0.76506]
 [     0.5347     0.77205]]
[[          0           0]
 [          0           0]
 [          0           0]
 [    0.49518       0.574]
 [    0.50904     0.57864]
 [    0.48582     0.59991]
 [    0.51185     0.61218]
 [    0.47204     0.63947]
 [    0.51306     0.66213]
 [    0.47202     0.66553]
 [    0.51675     0.68616]
 [    0.47761      0.6752]
 [    0.50024     0.68109]
 [    0.46796     0.71537]
 [    0.52211     0.72382]
 [    0.44781     0.76367]
 [    0.53427     0.77182]]
[[          0           0]
 [          0           0]
 [          0           0]
 [    0.50035     0.57333]
 [     0.5141     0.57716]
 [    0.49011     0.59811]
 [    0.51704     0.60839]
 [    0.47728     0.63749]
 [    0.51992     0.65667]
 [    0.47382     0.66632]
 [    0.52312     0.68861]
 [    0.48208     0.67272]
 [    0.50524     0.67784]
 [    0.47036     0.71069]
 [    0.52667     0.71888]
 [    0.45054     0.75972]
 [    0.53514     0.76939]]
[[          0           0]
 [          0           0]
 [          0           0]
 [    0.50034     0.57333]
 [     0.5141     0.57715]
 [    0.49009      0.5981]
 [    0.51706     0.60839]
 [    0.47726     0.63748]
 [    0.51992     0.65671]
 [    0.47376     0.66647]
 [    0.52312     0.68847]
 [    0.48206     0.67279]
 [    0.50524     0.67789]
 [    0.47035     0.71071]
 [    0.52664     0.71884]
 [     0.4506     0.75978]
 [    0.53504     0.76929]]
[[          0           0]
 [          0           0]
 [          0           0]
 [    0.50543     0.56779]
 [    0.52031     0.57141]
 [     0.4949     0.59442]
 [    0.52356     0.60416]
 [    0.48362     0.63519]
 [    0.52486     0.65787]
 [          0           0]
 [    0.53094     0.69894]
 [    0.48529     0.67082]
 [    0.50983     0.67511]
 [    0.47529     0.70738]
 [    0.53307     0.71363]
 [    0.45292     0.76067]
 [    0.53595     0.76815]]
[[          0           0]
 [          0           0]
 [          0           0]
 [    0.51236     0.56275]
 [    0.52641     0.56603]
 [    0.50232     0.58903]
 [    0.52969     0.59832]
 [    0.49099     0.62944]
 [    0.53063     0.65002]
 [          0           0]
 [    0.53569     0.68702]
 [     0.4925     0.66625]
 [    0.51607     0.67075]
 [    0.48323     0.70622]
 [     0.5387     0.71423]
 [    0.45497     0.75784]
 [    0.53528     0.76842]]
[[          0           0]
 [          0           0]
 [          0           0]
 [    0.51938     0.55834]
 [    0.53241     0.56244]
 [    0.51057      0.5837]
 [    0.53549     0.59601]
 [    0.49861     0.62052]
 [    0.53649     0.64525]
 [    0.50319     0.63789]
 [    0.53823     0.67591]
 [    0.50328     0.65621]
 [    0.52477     0.66287]
 [    0.48988     0.70403]
 [    0.53986     0.71756]
 [    0.46104     0.75359]
 [    0.53672     0.77089]]
[[          0           0]
 [          0           0]
 [          0           0]
 [    0.52484     0.55273]
 [    0.53791     0.55654]
 [    0.51612     0.58003]
 [    0.54098      0.5905]
 [    0.50526     0.62048]
 [     0.5441     0.63699]
 [          0           0]
 [    0.54477      0.6663]
 [    0.50877     0.65493]
 [    0.52929     0.66075]
 [    0.49795      0.7031]
 [    0.54098     0.71672]
 [    0.47012     0.75101]
 [    0.53733     0.77118]]
[[          0           0]
 [          0           0]
 [          0           0]
 [    0.53046     0.54795]
 [    0.54365     0.55145]
 [    0.52089     0.57446]
 [    0.54732     0.58537]
 [    0.50955     0.60971]
 [    0.54901     0.63187]
 [          0           0]
 [    0.55596      0.6626]
 [    0.51499     0.65104]
 [    0.53565     0.65644]
 [    0.50594     0.70048]
 [    0.54512       0.713]
 [    0.48452     0.75318]
 [    0.53783     0.76995]]
[[          0           0]
 [          0           0]
 [          0           0]
 [    0.53047     0.54796]
 [    0.54365     0.55144]
 [    0.52089     0.57449]
 [    0.54733     0.58536]
 [    0.50955     0.60971]
 [    0.54901     0.63182]
 [          0           0]
 [    0.55595      0.6627]
 [    0.51497     0.65109]
 [    0.53562     0.65646]
 [    0.50595      0.7005]
 [    0.54504     0.71293]
 [    0.48459     0.75322]
 [    0.53772     0.76987]]
[[          0           0]
 [          0           0]
 [          0           0]
 [    0.53723     0.53558]
 [    0.55164     0.53969]
 [    0.52696      0.5647]
 [    0.55032     0.57545]
 [    0.51565     0.59783]
 [    0.55019     0.62372]
 [          0           0]
 [    0.55702     0.65492]
 [    0.52202     0.64722]
 [    0.53877     0.65274]
 [    0.51816     0.69957]
 [    0.54407     0.71138]
 [    0.50585     0.75218]
 [    0.53728     0.76952]]
[[          0           0]
 [          0           0]
 [          0           0]
 [    0.54055     0.53078]
 [    0.55488      0.5335]
 [    0.53164     0.56002]
 [    0.55499     0.56808]
 [    0.52156     0.59205]
 [    0.55541     0.61648]
 [          0           0]
 [    0.56402     0.65029]
 [    0.52741     0.64339]
 [    0.54391     0.64586]
 [     0.5228     0.70581]
 [    0.54616     0.70661]
 [    0.50661     0.76547]
 [     0.5406     0.76331]]
[[          0           0]
 [          0           0]
 [          0           0]
 [          0           0]
 [    0.55794     0.52972]
 [    0.53565     0.55705]
 [    0.55741     0.56443]
 [    0.52722     0.59319]
 [    0.55731     0.61473]
 [          0           0]
 [    0.57164     0.65053]
 [    0.53188     0.63759]
 [     0.5453     0.64067]
 [    0.53735     0.70326]
 [    0.54537     0.70757]
 [    0.53017     0.76224]
 [    0.52907     0.76813]]
[[          0           0]
 [          0           0]
 [          0           0]
 [          0           0]
 [    0.56097      0.5324]
 [    0.53929     0.55363]
 [    0.55938     0.56364]
 [          0           0]
 [     0.5593     0.60311]
 [          0           0]
 [     0.5665     0.60656]
 [     0.5375     0.63178]
 [     0.5501     0.63645]
 [    0.54589     0.69879]
 [    0.55294     0.70215]
 [    0.54417     0.75723]
 [    0.54193     0.75801]]
[[          0           0]
 [          0           0]
 [          0           0]
 [          0           0]
 [    0.56441     0.53094]
 [    0.54502     0.55643]
 [    0.56174     0.56348]
 [          0           0]
 [    0.56013     0.60607]
 [          0           0]
 [     0.5709     0.61475]
 [    0.54487     0.63759]
 [    0.55586     0.64166]
 [    0.55482     0.70326]
 [    0.56283     0.70689]
 [    0.55558     0.76229]
 [    0.55753     0.76648]]
[[          0           0]
 [          0           0]
 [          0           0]
 [          0           0]
 [    0.56441     0.53095]
 [    0.54501     0.55644]
 [    0.56174     0.56349]
 [          0           0]
 [    0.56013     0.60604]
 [          0           0]
 [    0.57089     0.61465]
 [    0.54487     0.63764]
 [    0.55585     0.64171]
 [    0.55486     0.70329]
 [    0.56287     0.70693]
 [    0.55561     0.76218]
 [    0.55756     0.76642]]
[[          0           0]
 [          0           0]
 [          0           0]
 [          0           0]
 [    0.56956     0.53731]
 [    0.55122     0.56011]
 [    0.56585     0.56905]
 [          0           0]
 [    0.56551     0.61834]
 [          0           0]
 [    0.58584     0.65202]
 [    0.55211     0.64033]
 [    0.56111     0.64661]
 [    0.57168     0.70041]
 [    0.57233     0.70839]
 [    0.56882     0.75861]
 [    0.56143     0.77025]]
[[          0           0]
 [          0           0]
 [          0           0]
 [          0           0]
 [    0.57362     0.54652]
 [    0.55578     0.56659]
 [       0.57     0.57983]
 [          0           0]
 [     0.5713     0.62949]
 [          0           0]
 [    0.59248     0.66227]
 [    0.55915     0.65153]
 [    0.56811     0.65931]
 [    0.57447      0.7116]
 [     0.5776     0.71954]
 [    0.57054     0.77261]
 [    0.56981     0.78086]]
[[          0           0]
 [          0           0]
 [          0           0]
 [          0           0]
 [    0.57541     0.55473]
 [    0.56311     0.57984]
 [    0.57196     0.58579]
 [    0.57416     0.60662]
 [    0.57442     0.63469]
 [          0           0]
 [    0.59279      0.6646]
 [    0.56539     0.66262]
 [    0.57209     0.66645]
 [    0.58022     0.72048]
 [    0.59154     0.72299]
 [    0.57215     0.78485]
 [    0.58084     0.78982]]
[[          0           0]
 [          0           0]
 [          0           0]
 [          0           0]
 [    0.58156     0.56177]
 [    0.56719     0.58256]
 [    0.57767     0.59637]
 [    0.58076     0.60743]
 [    0.58016     0.64314]
 [    0.59557     0.59888]
 [    0.59704     0.66627]
 [    0.56578      0.6617]
 [    0.57437     0.67158]
 [    0.58416     0.71138]
 [      0.598     0.72929]
 [     0.5685     0.76714]
 [    0.58722      0.7959]]
[[          0           0]
 [          0           0]
 [          0           0]
 [          0           0]
 [     0.5838     0.56476]
 [     0.5733     0.58663]
 [    0.58091     0.60125]
 [    0.58905     0.60709]
 [    0.58409     0.65078]
 [    0.60426      0.5955]
 [    0.60183     0.67121]
 [    0.57002     0.66779]
 [    0.57745     0.67737]
 [    0.58489     0.71463]
 [    0.60415     0.73471]
 [    0.56955     0.77199]
 [     0.5958     0.80471]]
[[          0           0]
 [          0           0]
 [          0           0]
 [          0           0]
 [    0.58388     0.56496]
 [    0.57326     0.58661]
 [    0.58094     0.60138]
 [    0.58896     0.60706]
 [    0.58411     0.65082]
 [     0.6042     0.59553]
 [    0.60178     0.67122]
 [    0.57004     0.66769]
 [    0.57749      0.6774]
 [    0.58501     0.71437]
 [    0.60402     0.73485]
 [    0.56979     0.77132]
 [    0.59581     0.80474]]
[[          0           0]
 [          0           0]
 [          0           0]
 [          0           0]
 [    0.58845     0.57169]
 [    0.57698     0.59118]
 [    0.58678     0.61088]
 [    0.59438     0.59699]
 [    0.58981     0.64834]
 [    0.60834     0.59067]
 [    0.60226     0.67467]
 [    0.57492     0.67146]
 [    0.58471     0.68418]
 [    0.58597      0.7195]
 [    0.60927     0.74464]
 [    0.56706     0.77395]
 [    0.60648     0.81047]]
[[          0           0]
 [          0           0]
 [          0           0]
 [          0           0]
 [    0.59126      0.5737]
 [    0.58196     0.59378]
 [     0.5965     0.60301]
 [     0.6045     0.59158]
 [    0.61135     0.59912]
 [    0.61636      0.5814]
 [     0.6199      0.5882]
 [    0.57825     0.67426]
 [    0.59032     0.68247]
 [    0.58508     0.72377]
 [    0.61141     0.74968]
 [     0.5698     0.77766]
 [    0.60987     0.82034]]
[[          0           0]
 [          0           0]
 [          0           0]
 [          0           0]
 [    0.59336     0.57438]
 [    0.59059     0.58245]
 [    0.59441     0.61657]
 [    0.61041     0.57177]
 [    0.59706     0.65192]
 [    0.62284     0.57075]
 [    0.61039     0.66916]
 [    0.58699     0.67079]
 [    0.59332     0.68917]
 [    0.58677     0.72174]
 [    0.61286     0.75826]
 [    0.56615     0.77536]
 [    0.61297     0.82208]]
[[    0.60346     0.56475]
 [          0           0]
 [    0.59988     0.56497]
 [          0           0]
 [    0.59661     0.58025]
 [    0.59629     0.58356]
 [    0.59847     0.61891]
 [    0.61249     0.57061]
 [    0.60188     0.65042]
 [    0.62324     0.56391]
 [    0.61145     0.67142]
 [    0.59422     0.66988]
 [    0.59936     0.68931]
 [    0.59065     0.71957]
 [    0.61761     0.75882]
 [    0.56727      0.7705]
 [    0.61486     0.82305]]
[[    0.60836     0.56654]
 [          0           0]
 [          0           0]
 [          0           0]
 [    0.60013     0.58309]
 [    0.59974     0.58593]
 [    0.60134     0.62372]
 [     0.6146     0.56857]
 [     0.6047      0.6529]
 [     0.6255     0.55574]
 [    0.61633     0.65897]
 [    0.59493     0.67211]
 [    0.59938     0.69209]
 [    0.59236     0.72359]
 [    0.61657      0.7617]
 [    0.56617     0.77907]
 [    0.61702     0.82819]]
[[    0.60836     0.56651]
 [          0           0]
 [          0           0]
 [          0           0]
 [    0.60014     0.58308]
 [    0.59976     0.58585]
 [    0.60133      0.6238]
 [    0.61459     0.56857]
 [    0.60468     0.65316]
 [    0.62552     0.55568]
 [    0.61638     0.65893]
 [      0.595     0.67202]
 [    0.59943     0.69208]
 [    0.59241     0.72348]
 [    0.61657     0.76175]
 [    0.56616     0.77896]
 [    0.61698     0.82826]]
[[          0           0]
 [          0           0]
 [          0           0]
 [          0           0]
 [    0.61077     0.58724]
 [    0.59901     0.60451]
 [    0.61337     0.62136]
 [     0.6044     0.56505]
 [     0.6196     0.58967]
 [    0.61199     0.54442]
 [    0.61981     0.56035]
 [    0.59652     0.68389]
 [    0.60816     0.69423]
 [    0.59182     0.73596]
 [    0.62157     0.76227]
 [     0.5615     0.79293]
 [    0.61697     0.82985]]
[[    0.61389     0.56377]
 [    0.61477     0.55802]
 [     0.6089     0.55876]
 [          0           0]
 [    0.60176     0.56899]
 [    0.60797     0.59588]
 [     0.6088     0.60439]
 [          0           0]
 [    0.60788     0.64801]
 [          0           0]
 [    0.61691     0.66259]
 [    0.60792     0.68481]
 [    0.61101     0.68923]
 [    0.60646     0.74926]
 [    0.62729     0.75779]
 [    0.59728     0.81922]
 [    0.61562     0.83452]]
[[    0.61501     0.56486]
 [          0           0]
 [    0.61098     0.56264]
 [          0           0]
 [    0.60558     0.57475]
 [    0.61193     0.59544]
 [    0.60747     0.60432]
 [          0           0]
 [    0.61467      0.6384]
 [          0           0]
 [    0.62351     0.65023]
 [    0.61482     0.67627]
 [    0.61378     0.68202]
 [    0.61035     0.74563]
 [    0.62416     0.75802]
 [    0.59206     0.81093]
 [    0.61889     0.82935]]
[[     0.6134      0.5614]
 [          0           0]
 [    0.60971     0.55819]
 [          0           0]
 [    0.60435     0.56837]
 [    0.61261      0.5921]
 [    0.60704     0.60134]
 [    0.62802     0.62253]
 [    0.61465     0.63199]
 [          0           0]
 [    0.62551     0.61941]
 [    0.62025     0.68184]
 [    0.61718     0.68724]
 [    0.61443     0.74607]
 [    0.61688     0.75922]
 [    0.58962     0.80395]
 [    0.60235     0.82514]]
[[    0.61549     0.55578]
 [          0           0]
 [    0.61127     0.55385]
 [          0           0]
 [    0.60565     0.56738]
 [    0.61881     0.59018]
 [    0.60881     0.60112]
 [    0.64236      0.6049]
 [    0.62288     0.61683]
 [    0.63574     0.59581]
 [    0.63008     0.59617]
 [    0.62524     0.68012]
 [    0.61789     0.68531]
 [    0.62158     0.74376]
 [    0.61713     0.75582]
 [    0.60187     0.80743]
 [    0.60322     0.82411]]
[[     0.6154      0.5558]
 [          0           0]
 [    0.61122     0.55386]
 [          0           0]
 [     0.6057     0.56734]
 [     0.6186     0.59022]
 [    0.60888     0.60111]
 [    0.64228     0.60478]
 [    0.62315     0.61663]
 [    0.63589      0.5957]
 [    0.63018     0.59608]
 [    0.62513     0.68019]
 [    0.61801      0.6854]
 [    0.62143      0.7437]
 [    0.61733     0.75592]
 [    0.60151     0.80723]
 [    0.60352     0.82422]]
[[    0.61467      0.5525]
 [          0           0]
 [    0.61043     0.55001]
 [          0           0]
 [    0.60386     0.56325]
 [     0.6199     0.59113]
 [    0.60783     0.59509]
 [    0.63735     0.59538]
 [    0.62833      0.6003]
 [    0.64511     0.58334]
 [    0.64183     0.57957]
 [    0.62704     0.68191]
 [     0.6165     0.68298]
 [    0.63037     0.75252]
 [    0.61411     0.75121]
 [    0.61498     0.82173]
 [    0.59346     0.81774]]
[[    0.61486     0.55041]
 [          0           0]
 [    0.61037     0.54824]
 [          0           0]
 [    0.60403     0.56238]
 [    0.62083     0.58614]
 [    0.60753     0.59397]
 [     0.6407      0.5752]
 [    0.61607      0.6057]
 [    0.65466      0.5588]
 [    0.63783     0.59399]
 [    0.63005     0.68103]
 [     0.6187     0.68195]
 [     0.6346      0.7564]
 [    0.61484     0.74736]
 [    0.62952      0.8286]
 [    0.58721     0.80882]]
[[    0.61549     0.54983]
 [          0           0]
 [    0.61115     0.54921]
 [          0           0]
 [    0.60803     0.56494]
 [    0.61001     0.58915]
 [    0.62051     0.59242]
 [    0.62798     0.58312]
 [    0.64916     0.57433]
 [    0.65937     0.55799]
 [    0.67013     0.54731]
 [    0.62136     0.68377]
 [    0.62956     0.68789]
 [    0.61714     0.74883]
 [    0.63929     0.76263]
 [     0.5894     0.80789]
 [    0.63452     0.83419]]
[[     0.6203      0.5585]
 [          0           0]
 [    0.61682     0.55779]
 [          0           0]
 [    0.61427     0.57244]
 [    0.60458     0.60545]
 [    0.62702     0.59898]
 [          0           0]
 [    0.65116     0.57663]
 [          0           0]
 [    0.67011      0.5406]
 [    0.61661     0.68807]
 [    0.63371     0.68822]
 [    0.60852     0.75294]
 [    0.64658     0.76116]
 [    0.58819     0.81616]
 [    0.64524     0.83698]]
[[          0           0]
 [          0           0]
 [          0           0]
 [          0           0]
 [    0.61749     0.57553]
 [    0.60511     0.60839]
 [    0.62813     0.59731]
 [          0           0]
 [    0.65482     0.58655]
 [          0           0]
 [    0.67272     0.56799]
 [    0.61852     0.69315]
 [    0.63542     0.69489]
 [     0.6175     0.75352]
 [    0.64901     0.77407]
 [    0.58894     0.81411]
 [    0.65496      0.8601]]
[[          0           0]
 [          0           0]
 [          0           0]
 [          0           0]
 [    0.61748     0.57556]
 [    0.60511     0.60835]
 [     0.6281     0.59735]
 [          0           0]
 [    0.65477     0.58662]
 [          0           0]
 [    0.67278     0.56785]
 [    0.61851     0.69312]
 [    0.63539     0.69488]
 [    0.61746     0.75349]
 [    0.64897     0.77406]
 [    0.58897     0.81412]
 [    0.65491     0.86013]]
[[          0           0]
 [          0           0]
 [          0           0]
 [          0           0]
 [    0.62118     0.59051]
 [    0.60417     0.62401]
 [    0.63026     0.61844]
 [    0.60737     0.65822]
 [    0.65877     0.61901]
 [          0           0]
 [     0.6741     0.60587]
 [    0.61974     0.70856]
 [    0.63948     0.71201]
 [    0.61516     0.76633]
 [    0.65384     0.78511]
 [    0.59229     0.82481]
 [    0.66402     0.86392]]
[[          0           0]
 [          0           0]
 [          0           0]
 [     0.6071     0.60607]
 [    0.62163     0.60139]
 [    0.60805     0.63749]
 [    0.63025     0.63044]
 [          0           0]
 [    0.65586     0.63909]
 [          0           0]
 [    0.67096     0.63422]
 [    0.62153     0.71493]
 [     0.6395      0.7178]
 [    0.62253     0.77063]
 [    0.65714     0.79212]
 [    0.59506     0.82569]
 [    0.67114      0.8711]]
[[          0           0]
 [          0           0]
 [          0           0]
 [    0.60895     0.62043]
 [    0.62344     0.61579]
 [    0.60854     0.65375]
 [    0.63249     0.64617]
 [          0           0]
 [    0.65775     0.66015]
 [          0           0]
 [    0.66663     0.66217]
 [    0.62081     0.73118]
 [    0.63976      0.7337]
 [    0.62211     0.78441]
 [    0.65844     0.80581]
 [    0.59554     0.83901]
 [     0.6697     0.88378]]
[[          0           0]
 [          0           0]
 [          0           0]
 [    0.60887      0.6307]
 [    0.62333       0.626]
 [    0.60688     0.66236]
 [    0.63266     0.65553]
 [    0.60688     0.70562]
 [    0.65203     0.67984]
 [          0           0]
 [    0.65773      0.6842]
 [    0.62029      0.7411]
 [    0.64097     0.74225]
 [    0.61999     0.79729]
 [    0.65756     0.81024]
 [    0.60012     0.85113]
 [    0.67131     0.88066]]
[[          0           0]
 [          0           0]
 [          0           0]
 [    0.60525     0.62972]
 [    0.61996     0.62503]
 [    0.60227     0.66399]
 [    0.63118     0.65479]
 [    0.60112     0.71253]
 [    0.64943     0.69157]
 [          0           0]
 [    0.65457     0.70235]
 [    0.61639     0.74615]
 [    0.63873     0.74262]
 [    0.61725     0.81442]
 [    0.65542      0.8082]
 [    0.60752      0.8798]
 [    0.66958     0.87513]]
[[          0           0]
 [          0           0]
 [          0           0]
 [    0.60526     0.62971]
 [    0.61997     0.62505]
 [    0.60229     0.66396]
 [    0.63119     0.65481]
 [    0.60111      0.7125]
 [    0.64943     0.69162]
 [          0           0]
 [     0.6546     0.70245]
 [    0.61638     0.74609]
 [    0.63871     0.74257]
 [    0.61721     0.81442]
 [    0.65536     0.80821]
 [    0.60753     0.87978]
 [    0.66957     0.87513]]
[[          0           0]
 [          0           0]
 [          0           0]
 [    0.59989     0.62614]
 [    0.61551      0.6214]
 [    0.59713     0.66184]
 [    0.62741      0.6537]
 [    0.59385     0.71207]
 [    0.64259     0.69716]
 [    0.60078     0.73657]
 [     0.6454     0.71471]
 [    0.61081     0.74544]
 [    0.63393     0.74154]
 [    0.61337     0.81765]
 [    0.65118     0.80967]
 [    0.61065     0.88986]
 [    0.66661        0.88]]
[[          0           0]
 [          0           0]
 [          0           0]
 [    0.59727     0.61852]
 [    0.61224     0.61628]
 [    0.59287     0.65492]
 [      0.621     0.65161]
 [    0.58568     0.70671]
 [    0.63579     0.70286]
 [    0.59273     0.73002]
 [    0.63834     0.72642]
 [    0.60257     0.74338]
 [    0.62328     0.74116]
 [    0.60759     0.81784]
 [    0.64126     0.80806]
 [    0.60946     0.89343]
 [    0.66417     0.87779]]
[[          0           0]
 [          0           0]
 [          0           0]
 [    0.59217     0.60988]
 [    0.60753       0.608]
 [    0.58592     0.64399]
 [    0.61621     0.64112]
 [    0.57668     0.68742]
 [     0.6278     0.69331]
 [    0.58151      0.7135]
 [    0.63702     0.72681]
 [    0.59545      0.7359]
 [    0.61677     0.73291]
 [    0.60596     0.81234]
 [    0.63821     0.79792]
 [     0.6083     0.89254]
 [    0.65156     0.86898]]
[[          0           0]
 [          0           0]
 [          0           0]
 [    0.58865      0.6016]
 [    0.60433     0.59919]
 [    0.57983     0.63598]
 [    0.61202     0.63146]
 [    0.57208     0.68239]
 [    0.62217     0.68174]
 [    0.58229     0.70185]
 [    0.63155      0.7234]
 [    0.59069     0.72834]
 [    0.61357     0.72642]
 [    0.59765     0.80664]
 [    0.62799     0.79758]
 [    0.60409     0.88393]
 [    0.63743     0.87252]]
[[          0           0]
 [          0           0]
 [          0           0]
 [    0.58402     0.59223]
 [    0.59937     0.59088]
 [    0.57342      0.6284]
 [    0.60628     0.62664]
 [    0.56762     0.67349]
 [    0.61608     0.67317]
 [    0.57795     0.69254]
 [    0.62401     0.70474]
 [    0.58369     0.72019]
 [     0.6062     0.72122]
 [    0.59419     0.79936]
 [    0.61747     0.79784]
 [     0.6013     0.87639]
 [    0.61886     0.87482]]
[[          0           0]
 [          0           0]
 [          0           0]
 [    0.58401     0.59224]
 [    0.59937      0.5909]
 [    0.57341     0.62838]
 [    0.60629     0.62663]
 [    0.56761     0.67349]
 [    0.61611     0.67314]
 [    0.57797     0.69251]
 [    0.62398     0.70457]
 [    0.58368     0.72019]
 [    0.60621     0.72123]
 [    0.59416      0.7994]
 [    0.61744     0.79791]
 [    0.60127     0.87643]
 [    0.61882     0.87491]]
[[          0           0]
 [          0           0]
 [          0           0]
 [    0.57992     0.58633]
 [    0.59616     0.58678]
 [    0.57024     0.62244]
 [     0.6018     0.62433]
 [    0.56296      0.6681]
 [    0.61166     0.67114]
 [          0           0]
 [    0.61759     0.70535]
 [    0.57738     0.71129]
 [    0.59856     0.71403]
 [    0.58371     0.78357]
 [    0.60463     0.78962]
 [    0.58713     0.85459]
 [     0.6028     0.86756]]
[[          0           0]
 [          0           0]
 [          0           0]
 [    0.57469     0.58433]
 [    0.59203     0.58488]
 [    0.56572     0.62037]
 [    0.59717      0.6233]
 [    0.55861     0.66598]
 [    0.60635     0.67388]
 [          0           0]
 [    0.61363     0.71552]
 [    0.57185     0.71353]
 [    0.59251     0.71556]
 [    0.57606     0.78651]
 [    0.59275      0.7915]
 [     0.5763     0.85657]
 [    0.58921     0.86812]]
[[          0           0]
 [          0           0]
 [          0           0]
 [    0.56844     0.58656]
 [    0.58599     0.58691]
 [    0.56077     0.62436]
 [     0.5925     0.62677]
 [    0.55278     0.67191]
 [    0.60201     0.67499]
 [          0           0]
 [    0.60335     0.70203]
 [    0.56755     0.71504]
 [    0.58817     0.71663]
 [    0.57209      0.7908]
 [    0.58466     0.79449]
 [    0.57046     0.86418]
 [     0.5781     0.87103]]
[[          0           0]
 [          0           0]
 [          0           0]
 [    0.56201     0.58856]
 [    0.57929      0.5885]
 [    0.55304     0.62569]
 [    0.58562     0.62736]
 [    0.54605     0.67384]
 [    0.59506     0.68054]
 [    0.55328     0.69835]
 [    0.60245     0.72607]
 [    0.55944     0.71989]
 [    0.58081     0.72229]
 [     0.5624     0.79011]
 [    0.58088     0.79798]
 [    0.56233     0.85771]
 [    0.57605     0.87284]]
[[          0           0]
 [          0           0]
 [          0           0]
 [    0.55632     0.59254]
 [    0.57361     0.59288]
 [    0.54948     0.62776]
 [    0.58145     0.63026]
 [     0.5395      0.6749]
 [    0.59011     0.67845]
 [    0.55298     0.68198]
 [    0.59049     0.70648]
 [    0.55336     0.71603]
 [    0.57627     0.71972]
 [    0.54805     0.78361]
 [    0.57766     0.79733]
 [    0.53012     0.84784]
 [    0.57575     0.87332]]
[[          0           0]
 [          0           0]
 [          0           0]
 [    0.55631     0.59256]
 [    0.57363     0.59293]
 [    0.54946     0.62782]
 [    0.58148      0.6303]
 [    0.53941     0.67508]
 [    0.59021     0.67851]
 [     0.5529     0.68235]
 [    0.59059     0.70658]
 [    0.55335     0.71606]
 [    0.57629     0.71973]
 [    0.54807     0.78363]
 [    0.57774     0.79728]
 [    0.53009     0.84795]
 [    0.57576     0.87329]]
[[          0           0]
 [          0           0]
 [          0           0]
 [    0.54969     0.59514]
 [    0.56719      0.5958]
 [    0.54382     0.63023]
 [    0.57476     0.63307]
 [    0.53609     0.68046]
 [    0.58496     0.68129]
 [    0.54567     0.70465]
 [    0.58678     0.71537]
 [    0.54842     0.71774]
 [     0.5718     0.72135]
 [    0.53456     0.78228]
 [     0.5761     0.79886]
 [     0.5142     0.84575]
 [    0.57694     0.87685]]
[[          0           0]
 [          0           0]
 [          0           0]
 [    0.54331     0.59362]
 [    0.55989     0.59345]
 [     0.5381     0.62868]
 [     0.5672     0.63062]
 [    0.53257     0.67901]
 [     0.5753     0.67752]
 [    0.53628     0.70873]
 [    0.58231     0.72523]
 [     0.5398     0.71616]
 [    0.56307     0.71974]
 [     0.5299     0.77611]
 [    0.57345     0.79531]
 [    0.50493     0.83574]
 [    0.57348     0.87516]]
[[          0           0]
 [          0           0]
 [          0           0]
 [    0.53827       0.593]
 [    0.55331     0.59339]
 [    0.52989     0.62634]
 [    0.55896     0.62855]
 [    0.52563      0.6769]
 [    0.56922     0.67621]
 [          0           0]
 [    0.57185     0.72592]
 [    0.53184     0.71262]
 [    0.55568     0.71589]
 [    0.51882      0.7777]
 [    0.56586     0.79092]
 [    0.50078     0.84396]
 [    0.57531     0.87325]]
[[          0           0]
 [          0           0]
 [          0           0]
 [    0.53417     0.59155]
 [    0.54917     0.59717]
 [    0.52318     0.62301]
 [    0.55524     0.63293]
 [    0.51614     0.67621]
 [     0.5652     0.67838]
 [          0           0]
 [    0.56589     0.71506]
 [    0.52577     0.70931]
 [    0.55094     0.71944]
 [    0.51136     0.75641]
 [    0.56178      0.7904]
 [    0.49674     0.80856]
 [    0.57137     0.87077]]
[[          0           0]
 [          0           0]
 [          0           0]
 [    0.52757     0.59161]
 [    0.54237     0.59602]
 [    0.51762     0.62308]
 [      0.548     0.63358]
 [    0.51071     0.66631]
 [    0.55279     0.67571]
 [          0           0]
 [          0           0]
 [     0.5147     0.71157]
 [    0.54012     0.72012]
 [     0.5047     0.76045]
 [    0.55273     0.78848]
 [    0.48344     0.80822]
 [    0.56296     0.85899]]
[[          0           0]
 [          0           0]
 [          0           0]
 [     0.5276     0.59166]
 [    0.54242     0.59608]
 [    0.51764     0.62312]
 [    0.54799     0.63364]
 [    0.51068     0.66628]
 [    0.55281     0.67598]
 [          0           0]
 [          0           0]
 [    0.51471     0.71161]
 [     0.5401     0.72014]
 [    0.50468     0.76055]
 [    0.55272     0.78846]
 [    0.48343     0.80836]
 [    0.56293     0.85899]]
[[          0           0]
 [          0           0]
 [          0           0]
 [          0           0]
 [     0.5366     0.59689]
 [    0.51116     0.62464]
 [     0.5407     0.63373]
 [    0.50131     0.66871]
 [    0.54516     0.67244]
 [          0           0]
 [          0           0]
 [    0.50498     0.71097]
 [    0.52974     0.71702]
 [     0.4963     0.75942]
 [    0.54569     0.77762]
 [    0.47689     0.81519]
 [    0.55827     0.84493]]
[[          0           0]
 [          0           0]
 [          0           0]
 [          0           0]
 [    0.53217     0.59376]
 [     0.5066     0.62001]
 [    0.53566      0.6298]
 [    0.49517     0.66206]
 [    0.54122     0.67661]
 [     0.5005     0.68053]
 [    0.54441     0.70026]
 [    0.50113     0.70541]
 [    0.52438     0.71069]
 [    0.49309     0.76128]
 [    0.53625     0.76963]
 [    0.48045     0.82027]
 [    0.54822     0.83318]]
[[          0           0]
 [          0           0]
 [          0           0]
 [          0           0]
 [    0.52789      0.5876]
 [    0.50193     0.61364]
 [    0.53162     0.62546]
 [    0.49047     0.65468]
 [    0.53537     0.67792]
 [          0           0]
 [    0.53596     0.71727]
 [     0.4974      0.6999]
 [    0.52094     0.70605]
 [    0.49158     0.76238]
 [    0.53114     0.77059]
 [    0.47944     0.82436]
 [    0.54181     0.83714]]
[[          0           0]
 [          0           0]
 [          0           0]
 [          0           0]
 [    0.52512      0.5823]
 [    0.49929     0.60783]
 [     0.5276     0.61995]
 [    0.48906     0.64895]
 [     0.5306     0.66669]
 [          0           0]
 [    0.53601     0.68796]
 [     0.4951     0.69654]
 [    0.51728     0.70377]
 [    0.49197     0.75863]
 [    0.52913     0.77169]
 [    0.47984     0.82137]
 [    0.53338     0.84266]]
[[    0.53139      0.5823]
 [          0           0]
 [    0.52868     0.57631]
 [          0           0]
 [    0.52154      0.5771]
 [    0.49689     0.60362]
 [    0.52542     0.61418]
 [          0           0]
 [    0.52772     0.66103]
 [          0           0]
 [    0.53093     0.68903]
 [    0.49321     0.69089]
 [    0.51556     0.69717]
 [    0.49043     0.75501]
 [      0.526     0.76598]
 [    0.47977     0.81877]
 [    0.52752     0.83792]]
[[    0.53138     0.58237]
 [          0           0]
 [    0.52869     0.57636]
 [          0           0]
 [    0.52156      0.5771]
 [    0.49691     0.60365]
 [    0.52539     0.61417]
 [          0           0]
 [    0.52772     0.66109]
 [          0           0]
 [    0.53108       0.689]
 [    0.49321     0.69093]
 [    0.51553     0.69714]
 [    0.49047     0.75527]
 [    0.52597     0.76592]
 [     0.4798     0.81928]
 [    0.52752     0.83786]]
[[    0.52998     0.57683]
 [          0           0]
 [    0.52726     0.57055]
 [          0           0]
 [    0.51866     0.57162]
 [    0.49434     0.59718]
 [    0.52333     0.61026]
 [     0.4837     0.63834]
 [    0.52517     0.66096]
 [    0.47906     0.67382]
 [    0.52985     0.69278]
 [    0.49092     0.68419]
 [    0.51294     0.69109]
 [    0.49024      0.7491]
 [    0.52488     0.76016]
 [    0.48273     0.81315]
 [    0.52436      0.8295]]
[[    0.52697     0.57359]
 [          0           0]
 [    0.52469     0.56717]
 [          0           0]
 [    0.51664     0.56697]
 [    0.49352     0.59189]
 [    0.51954     0.60589]
 [    0.47865     0.63069]
 [    0.52214     0.65836]
 [    0.47048     0.66943]
 [    0.52907     0.68984]
 [    0.49052     0.67977]
 [    0.50954     0.68698]
 [    0.48958     0.74624]
 [     0.5204     0.75595]
 [    0.48019     0.81598]
 [    0.52033     0.82656]]
[[    0.52517     0.56976]
 [          0           0]
 [    0.52277     0.56371]
 [          0           0]
 [    0.51395     0.56449]
 [    0.49295     0.58763]
 [    0.51787     0.60245]
 [    0.47593     0.62324]
 [    0.52054     0.65336]
 [    0.46754     0.66438]
 [    0.52577     0.67965]
 [    0.49149     0.67601]
 [    0.50955      0.6826]
 [    0.48797     0.74666]
 [    0.51682     0.75191]
 [    0.47914     0.81973]
 [    0.51801     0.82123]]
[[     0.5238     0.56774]
 [          0           0]
 [     0.5211     0.56176]
 [          0           0]
 [    0.51125      0.5631]
 [    0.49134     0.58519]
 [    0.51616     0.60116]
 [    0.47426     0.61779]
 [    0.51866     0.65169]
 [    0.46757     0.65816]
 [    0.52414     0.66986]
 [    0.49048     0.67423]
 [    0.50835     0.68069]
 [    0.48736     0.74651]
 [    0.51572     0.74933]
 [    0.47909     0.82141]
 [    0.51588     0.81714]]
[[     0.5228     0.56696]
 [          0           0]
 [    0.52027     0.56077]
 [          0           0]
 [    0.51043     0.56117]
 [    0.49031     0.58404]
 [    0.51411     0.59879]
 [    0.47268     0.61786]
 [    0.51734     0.64969]
 [    0.46766     0.65464]
 [    0.52586     0.66653]
 [    0.48895      0.6735]
 [    0.50611     0.67968]
 [    0.48766     0.74418]
 [     0.5156     0.74648]
 [    0.47975     0.81984]
 [    0.51636     0.81538]]
[[    0.52283     0.56701]
 [          0           0]
 [    0.52029     0.56081]
 [          0           0]
 [    0.51041     0.56116]
 [    0.49026     0.58411]
 [    0.51415     0.59886]
 [    0.47257     0.61802]
 [    0.51739     0.64978]
 [    0.46764     0.65478]
 [    0.52585     0.66658]
 [    0.48897     0.67367]
 [    0.50619     0.67982]
 [    0.48748     0.74432]
 [    0.51547     0.74659]
 [    0.47955     0.82001]
 [    0.51627     0.81554]]
[[    0.52182     0.56603]
 [          0           0]
 [    0.51938     0.55984]
 [          0           0]
 [    0.50959      0.5605]
 [    0.48932     0.58404]
 [     0.5133     0.59859]
 [    0.47296     0.61778]
 [    0.51661     0.65096]
 [    0.46663     0.65235]
 [    0.52662      0.6657]
 [    0.48775     0.67444]
 [    0.50514     0.68002]
 [    0.48591     0.74583]
 [    0.51483     0.74557]
 [    0.48042     0.82198]
 [    0.51731       0.813]]
[[    0.52115     0.56559]
 [          0           0]
 [    0.51883     0.55952]
 [          0           0]
 [    0.50942     0.56009]
 [    0.48931     0.58357]
 [    0.51259     0.59753]
 [    0.47367     0.61745]
 [    0.51656     0.64864]
 [    0.46823     0.65426]
 [    0.52802     0.66384]
 [    0.48763     0.67338]
 [    0.50465     0.67879]
 [    0.48521     0.74532]
 [    0.51482     0.74527]
 [     0.4804     0.82078]
 [    0.51837     0.81225]]
[[    0.52126     0.56511]
 [          0           0]
 [    0.51902     0.55873]
 [          0           0]
 [    0.50979     0.55909]
 [    0.48799     0.58466]
 [    0.51223     0.59665]
 [    0.47385     0.61897]
 [    0.51716     0.64768]
 [    0.46966      0.6561]
 [    0.52923     0.66149]
 [     0.4866     0.67286]
 [    0.50442      0.6775]
 [    0.48539     0.74431]
 [    0.51841     0.74319]
 [    0.48189     0.81845]
 [     0.5219     0.80806]]
[[    0.52131     0.56506]
 [          0           0]
 [    0.51902     0.55882]
 [          0           0]
 [    0.50978     0.55923]
 [    0.48837     0.58382]
 [    0.51238     0.59764]
 [    0.47355     0.61783]
 [    0.51788      0.6488]
 [    0.47161     0.65878]
 [    0.52982     0.66175]
 [    0.48633     0.67176]
 [    0.50392     0.67727]
 [    0.48567     0.74288]
 [    0.51712     0.74364]
 [    0.48166     0.81592]
 [    0.52221     0.80742]]
[[    0.52191     0.56575]
 [          0           0]
 [    0.51978     0.55961]
 [          0           0]
 [    0.51075     0.55937]
 [    0.48877      0.5833]
 [    0.51286     0.59695]
 [    0.47318       0.618]
 [    0.51927     0.64828]
 [    0.47379     0.65722]
 [    0.53103     0.66088]
 [    0.48706     0.67187]
 [    0.50471     0.67736]
 [     0.4859     0.74346]
 [    0.51724     0.74403]
 [    0.48134     0.81545]
 [    0.52312     0.80695]]
[[    0.52191     0.56558]
 [          0           0]
 [    0.51982     0.55946]
 [          0           0]
 [     0.5109      0.5593]
 [    0.48878     0.58331]
 [    0.51283      0.5969]
 [    0.47329     0.61807]
 [    0.51926     0.64823]
 [    0.47374     0.65721]
 [    0.53106     0.66082]
 [    0.48712      0.6719]
 [    0.50472     0.67737]
 [    0.48589     0.74347]
 [    0.51727     0.74401]
 [    0.48134     0.81544]
 [    0.52311     0.80691]]
[[    0.52243     0.56599]
 [          0           0]
 [    0.52026     0.55985]
 [          0           0]
 [    0.51107     0.55971]
 [    0.48918     0.58359]
 [    0.51393      0.5967]
 [    0.47374     0.61749]
 [     0.5205     0.64772]
 [    0.47377     0.65807]
 [    0.53098     0.66222]
 [    0.48717     0.67123]
 [     0.5053     0.67614]
 [    0.48539     0.74345]
 [    0.51715     0.74232]
 [    0.48145     0.81637]
 [    0.52332     0.80527]]
[[    0.52384     0.56679]
 [          0           0]
 [    0.52171     0.56046]
 [          0           0]
 [    0.51302     0.56065]
 [    0.48915     0.58465]
 [    0.51662     0.59934]
 [     0.4744     0.61908]
 [    0.52368     0.65077]
 [     0.4733     0.65995]
 [    0.53232     0.66114]
 [    0.48663     0.67071]
 [    0.50666     0.67596]
 [    0.48732     0.74342]
 [    0.51784     0.74328]
 [    0.48348     0.81804]
 [    0.52462     0.80822]]
[[    0.52562     0.56825]
 [          0           0]
 [    0.52308     0.56207]
 [          0           0]
 [    0.51317     0.56301]
 [    0.49106     0.58548]
 [    0.51804     0.60261]
 [    0.47434     0.61664]
 [    0.52533     0.65516]
 [    0.47322     0.65957]
 [    0.52985     0.66638]
 [    0.48775     0.67194]
 [    0.50718     0.67837]
 [    0.48634      0.7439]
 [    0.51688     0.74505]
 [    0.48118     0.81902]
 [    0.52341     0.80916]]
[[    0.52706     0.56938]
 [          0           0]
 [    0.52479     0.56332]
 [          0           0]
 [    0.51578     0.56457]
 [     0.4918     0.58642]
 [    0.52051     0.60454]
 [    0.47665     0.61717]
 [    0.52818     0.65509]
 [    0.47143      0.6592]
 [    0.53241     0.66126]
 [    0.48891     0.67329]
 [    0.50969     0.68004]
 [    0.48885     0.74318]
 [    0.51897     0.74613]
 [    0.48372     0.81696]
 [    0.52561     0.81038]]
[[    0.52827      0.5693]
 [          0           0]
 [    0.52604     0.56338]
 [          0           0]
 [    0.51721     0.56486]
 [     0.4926     0.58725]
 [    0.52175     0.60403]
 [    0.47726     0.61952]
 [    0.52962     0.65413]
 [    0.47093     0.66001]
 [     0.5339     0.66082]
 [    0.48919     0.67452]
 [    0.51022     0.68071]
 [    0.48885     0.74426]
 [    0.51974     0.74682]
 [    0.48348     0.81828]
 [    0.52585     0.81209]]
[[    0.52828     0.56933]
 [          0           0]
 [    0.52604     0.56341]
 [          0           0]
 [    0.51719     0.56487]
 [     0.4926     0.58723]
 [    0.52176       0.604]
 [    0.47726     0.61951]
 [    0.52958     0.65412]
 [    0.47092     0.65999]
 [     0.5339     0.66089]
 [    0.48918     0.67452]
 [    0.51022     0.68071]
 [    0.48885     0.74417]
 [    0.51976     0.74674]
 [    0.48344      0.8182]
 [    0.52582     0.81205]]
[[    0.52996     0.56856]
 [          0           0]
 [    0.52782     0.56272]
 [          0           0]
 [    0.51894     0.56398]
 [     0.4938     0.58543]
 [    0.52337     0.60138]
 [    0.47848     0.61845]
 [    0.53065     0.65195]
 [    0.47072     0.65898]
 [    0.53562     0.66371]
 [     0.4899     0.67243]
 [    0.51114     0.67816]
 [    0.48996     0.74321]
 [    0.52069     0.74479]
 [    0.48425     0.81735]
 [    0.52543     0.81076]]
[[    0.52987     0.56585]
 [          0           0]
 [    0.52735     0.56021]
 [          0           0]
 [    0.51793     0.56207]
 [    0.49417     0.58311]
 [    0.52338     0.59903]
 [    0.47704      0.6174]
 [    0.52958     0.65196]
 [    0.47129     0.65986]
 [    0.52925      0.6687]
 [      0.491     0.67036]
 [    0.51173     0.67644]
 [    0.48852     0.74224]
 [    0.51949      0.7444]
 [    0.48082     0.81734]
 [    0.52312     0.81095]]
[[    0.52878     0.56351]
 [          0           0]
 [     0.5265     0.55753]
 [          0           0]
 [    0.51767     0.55828]
 [    0.49372     0.58107]
 [    0.52255     0.59524]
 [    0.47792     0.61685]
 [     0.5301     0.64762]
 [    0.47287     0.65832]
 [    0.53058     0.66662]
 [    0.49131      0.6692]
 [      0.512     0.67483]
 [    0.48752      0.7415]
 [    0.51934     0.74391]
 [    0.47987     0.81602]
 [    0.52393     0.81135]]
[[    0.52836     0.56034]
 [          0           0]
 [    0.52613      0.5546]
 [          0           0]
 [    0.51804     0.55594]
 [    0.49369        0.58]
 [    0.52272     0.59376]
 [    0.47832     0.61672]
 [    0.53026     0.64545]
 [    0.47476     0.65712]
 [    0.52707     0.66163]
 [    0.49125     0.66848]
 [    0.51245     0.67403]
 [     0.4861     0.73839]
 [    0.52056     0.74145]
 [    0.47773     0.81215]
 [    0.52538     0.80873]]
[[    0.52799     0.56118]
 [          0           0]
 [    0.52574     0.55544]
 [          0           0]
 [    0.51768      0.5562]
 [    0.49322     0.58056]
 [    0.52244     0.59377]
 [    0.47867      0.6186]
 [    0.53011     0.64551]
 [    0.47573     0.65783]
 [    0.52645      0.6631]
 [    0.49151     0.66751]
 [    0.51359      0.6729]
 [     0.4834     0.73819]
 [    0.52247     0.74103]
 [    0.47276     0.81261]
 [    0.52885     0.80954]]
[[    0.52797     0.56111]
 [          0           0]
 [    0.52573     0.55537]
 [          0           0]
 [    0.51771     0.55617]
 [    0.49325     0.58063]
 [    0.52245     0.59374]
 [    0.47865     0.61866]
 [     0.5301     0.64545]
 [    0.47572     0.65781]
 [    0.52618       0.663]
 [    0.49152     0.66752]
 [    0.51359     0.67285]
 [    0.48346     0.73823]
 [    0.52247     0.74091]
 [    0.47275     0.81266]
 [    0.52885     0.80933]]
[[    0.52676     0.56082]
 [          0           0]
 [    0.52463      0.5559]
 [          0           0]
 [    0.51827     0.55896]
 [    0.49366     0.58258]
 [      0.523     0.59626]
 [    0.48013     0.62199]
 [    0.52862     0.64805]
 [    0.47745     0.65603]
 [    0.52487     0.65805]
 [    0.49067     0.66885]
 [    0.51403     0.67353]
 [    0.48283     0.74204]
 [    0.52403     0.74292]
 [    0.46913     0.81468]
 [    0.53582     0.80876]]
[[          0           0]
 [          0           0]
 [          0           0]
 [          0           0]
 [    0.51932     0.56183]
 [    0.49205      0.5898]
 [    0.52232      0.6002]
 [    0.47975     0.63054]
 [    0.52893      0.6525]
 [    0.47832     0.66242]
 [    0.52579     0.67394]
 [    0.48987     0.67605]
 [    0.51449     0.67991]
 [    0.47888      0.7458]
 [     0.5288     0.74809]
 [    0.46481     0.81655]
 [    0.53982      0.8145]]
[[          0           0]
 [          0           0]
 [          0           0]
 [    0.50151     0.56843]
 [     0.5166     0.57092]
 [    0.49139     0.59971]
 [    0.52099     0.60704]
 [    0.48142     0.64341]
 [    0.52909     0.65747]
 [    0.47979     0.67669]
 [    0.52717     0.68069]
 [    0.48922     0.68351]
 [    0.51399     0.68616]
 [    0.47687     0.74995]
 [    0.53057     0.75188]
 [    0.46125     0.81795]
 [    0.54351       0.817]]
[[          0           0]
 [          0           0]
 [          0           0]
 [          0           0]
 [     0.5163     0.58171]
 [    0.49074     0.61086]
 [    0.52087     0.61795]
 [    0.48308     0.65538]
 [    0.52768     0.66824]
 [    0.48101     0.69227]
 [    0.52445     0.69306]
 [    0.48935     0.69511]
 [    0.51513     0.69741]
 [    0.47548     0.75644]
 [    0.53197     0.75619]
 [    0.46172     0.82174]
 [    0.54809     0.81721]]
[[          0           0]
 [          0           0]
 [          0           0]
 [          0           0]
 [    0.51606     0.59059]
 [    0.49118     0.61933]
 [    0.52155     0.62748]
 [    0.48467     0.66567]
 [    0.52795     0.68261]
 [    0.48129     0.70983]
 [    0.52762     0.72264]
 [    0.48915     0.70282]
 [    0.51519      0.7056]
 [    0.47519     0.76167]
 [    0.53209     0.76205]
 [    0.46198     0.82369]
 [    0.54848     0.82032]]
[[          0           0]
 [          0           0]
 [          0           0]
 [          0           0]
 [    0.51611     0.59054]
 [    0.49118     0.61929]
 [    0.52156     0.62752]
 [    0.48465     0.66569]
 [    0.52794     0.68266]
 [    0.48134     0.70979]
 [    0.52763     0.72277]
 [    0.48911     0.70275]
 [    0.51516     0.70561]
 [    0.47516     0.76167]
 [    0.53208     0.76227]
 [    0.46187      0.8237]
 [    0.54851     0.82073]]
[[          0           0]
 [          0           0]
 [          0           0]
 [    0.50297     0.59288]
 [    0.51839     0.59551]
 [     0.4929     0.62515]
 [    0.52395     0.63161]
 [    0.48696     0.67341]
 [    0.53071     0.68468]
 [    0.48346     0.71614]
 [    0.52738     0.71404]
 [    0.49087     0.70722]
 [    0.51735     0.70916]
 [    0.47653     0.76348]
 [    0.53433     0.76343]
 [     0.4627     0.82486]
 [    0.54716     0.82125]]
[[          0           0]
 [          0           0]
 [          0           0]
 [          0           0]
 [    0.52288     0.59563]
 [    0.49697     0.62745]
 [    0.52926     0.63093]
 [    0.48996     0.67532]
 [    0.53374      0.6836]
 [    0.49075     0.71368]
 [    0.53038     0.71976]
 [     0.4953      0.7108]
 [    0.52237     0.71111]
 [    0.48077     0.76579]
 [     0.5364     0.76171]
 [    0.46499     0.82422]
 [    0.54583     0.81624]]
[[          0           0]
 [          0           0]
 [          0           0]
 [    0.51501     0.59048]
 [    0.52931     0.59231]
 [    0.50772     0.62205]
 [    0.53659     0.62816]
 [    0.49799     0.66345]
 [     0.5382     0.67518]
 [    0.49427     0.70314]
 [    0.53199     0.70212]
 [    0.50299     0.70595]
 [     0.5269     0.70742]
 [    0.48891     0.76311]
 [    0.53681     0.76466]
 [    0.46904     0.82014]
 [    0.54204     0.81806]]
[[          0           0]
 [          0           0]
 [          0           0]
 [    0.52075     0.58747]
 [    0.53624     0.59166]
 [     0.5127     0.61707]
 [    0.54237     0.62486]
 [    0.50215     0.66266]
 [    0.54803      0.6677]
 [    0.50572     0.67164]
 [          0           0]
 [    0.50888     0.70475]
 [     0.5319     0.70994]
 [    0.49281     0.75739]
 [     0.5336     0.77575]
 [    0.46697     0.81312]
 [    0.52871     0.84421]]
[[          0           0]
 [          0           0]
 [          0           0]
 [          0           0]
 [    0.54273     0.58671]
 [    0.51926     0.61657]
 [    0.54922     0.62018]
 [    0.50452     0.66035]
 [    0.55408     0.66924]
 [    0.50634     0.66108]
 [          0           0]
 [    0.51887     0.70206]
 [    0.54266     0.70353]
 [    0.50119      0.7492]
 [    0.55217     0.75033]
 [    0.47552     0.81192]
 [    0.54905      0.8119]]
[[          0           0]
 [          0           0]
 [          0           0]
 [          0           0]
 [    0.54278     0.58669]
 [    0.51929     0.61657]
 [    0.54928     0.62019]
 [    0.50451     0.66039]
 [    0.55409     0.66926]
 [    0.50627     0.66107]
 [          0           0]
 [    0.51886     0.70204]
 [    0.54268     0.70352]
 [     0.5012      0.7489]
 [    0.55218     0.75012]
 [    0.47552     0.81165]
 [    0.54907     0.81178]]
[[          0           0]
 [          0           0]
 [          0           0]
 [     0.5359     0.58172]
 [    0.54877     0.58404]
 [    0.52733     0.61303]
 [    0.55213      0.6165]
 [    0.51277     0.65232]
 [    0.55559     0.65769]
 [    0.51766      0.6689]
 [          0           0]
 [    0.52182     0.69064]
 [    0.54204     0.69307]
 [    0.50989     0.74773]
 [    0.55148      0.7552]
 [    0.48772     0.80211]
 [    0.55339     0.81373]]
[[          0           0]
 [          0           0]
 [          0           0]
 [          0           0]
 [    0.55459     0.58174]
 [    0.53347     0.60901]
 [    0.55724     0.61387]
 [    0.51877     0.64318]
 [          0           0]
 [          0           0]
 [          0           0]
 [    0.52897     0.68747]
 [    0.54671     0.68967]
 [    0.52366     0.74917]
 [    0.55054     0.75362]
 [    0.50963     0.80666]
 [      0.551     0.81027]]
[[          0           0]
 [          0           0]
 [          0           0]
 [          0           0]
 [    0.55459     0.58174]
 [    0.53347     0.60901]
 [    0.55724     0.61387]
 [    0.51877     0.64318]
 [          0           0]
 [          0           0]
 [          0           0]
 [    0.52897     0.68747]
 [    0.54671     0.68967]
 [    0.52366     0.74917]
 [    0.55054     0.75362]
 [    0.50963     0.80666]
 [      0.551     0.81027]]
[[          0           0]
 [          0           0]
 [          0           0]
 [          0           0]
 [    0.55459     0.58174]
 [    0.53347     0.60901]
 [    0.55724     0.61387]
 [    0.51877     0.64318]
 [          0           0]
 [          0           0]
 [          0           0]
 [    0.52897     0.68747]
 [    0.54671     0.68967]
 [    0.52366     0.74917]
 [    0.55054     0.75362]
 [    0.50963     0.80666]
 [      0.551     0.81027]]
[[          0           0]
 [          0           0]
 [          0           0]
 [          0           0]
 [    0.55459     0.58174]
 [    0.53347     0.60901]
 [    0.55724     0.61387]
 [    0.51877     0.64318]
 [          0           0]
 [          0           0]
 [          0           0]
 [    0.52897     0.68747]
 [    0.54671     0.68967]
 [    0.52366     0.74917]
 [    0.55054     0.75362]
 [    0.50963     0.80666]
 [      0.551     0.81027]]
[[          0           0]
 [          0           0]
 [          0           0]
 [          0           0]
 [    0.55459     0.58174]
 [    0.53347     0.60901]
 [    0.55724     0.61387]
 [    0.51877     0.64318]
 [          0           0]
 [          0           0]
 [          0           0]
 [    0.52897     0.68747]
 [    0.54671     0.68967]
 [    0.52366     0.74917]
 [    0.55054     0.75362]
 [    0.50963     0.80666]
 [      0.551     0.81027]]
[[          0           0]
 [          0           0]
 [          0           0]
 [          0           0]
 [    0.55459     0.58174]
 [    0.53347     0.60901]
 [    0.55724     0.61387]
 [    0.51877     0.64318]
 [          0           0]
 [          0           0]
 [          0           0]
 [    0.52897     0.68747]
 [    0.54671     0.68967]
 [    0.52366     0.74917]
 [    0.55054     0.75362]
 [    0.50963     0.80666]
 [      0.551     0.81027]]
[[          0           0]
 [          0           0]
 [          0           0]
 [          0           0]
 [    0.55459     0.58174]
 [    0.53347     0.60901]
 [    0.55724     0.61387]
 [    0.51877     0.64318]
 [          0           0]
 [          0           0]
 [          0           0]
 [    0.52897     0.68747]
 [    0.54671     0.68967]
 [    0.52366     0.74917]
 [    0.55054     0.75362]
 [    0.50963     0.80666]
 [      0.551     0.81027]]
[[          0           0]
 [          0           0]
 [          0           0]
 [          0           0]
 [    0.56565      0.5839]
 [    0.54325     0.60737]
 [    0.56291     0.61428]
 [    0.52501     0.64021]
 [          0           0]
 [          0           0]
 [          0           0]
 [    0.53732     0.68571]
 [    0.55107     0.69029]
 [    0.53569     0.74489]
 [    0.55205     0.75687]
 [    0.52011     0.80042]
 [    0.54275     0.81867]]
[[    0.61854     0.62565]
 [          0           0]
 [    0.61759     0.62102]
 [          0           0]
 [    0.61149     0.62345]
 [    0.59256     0.64042]
 [     0.6004     0.65136]
 [    0.60978     0.65956]
 [    0.59226     0.70422]
 [     0.6308      0.6565]
 [    0.60715     0.73001]
 [    0.57372     0.72837]
 [    0.58596     0.73258]
 [    0.57456     0.76782]
 [    0.62298     0.76449]
 [    0.56536       0.831]
 [    0.64308     0.82208]]
[[          0           0]
 [          0           0]
 [          0           0]
 [          0           0]
 [    0.62061       0.636]
 [    0.60929     0.64496]
 [    0.60743     0.66575]
 [    0.62615     0.65803]
 [    0.60173      0.7157]
 [    0.64177     0.65634]
 [    0.61434     0.72901]
 [    0.58656     0.73424]
 [    0.59405     0.74341]
 [    0.57209     0.77175]
 [    0.62608     0.78239]
 [    0.54085     0.83315]
 [    0.64209     0.84279]]
[[          0           0]
 [          0           0]
 [          0           0]
 [          0           0]
 [    0.62055     0.63592]
 [     0.6092     0.64495]
 [    0.60737     0.66567]
 [    0.62599      0.6581]
 [    0.60168     0.71563]
 [    0.64167     0.65607]
 [    0.61425     0.72904]
 [    0.58643     0.73441]
 [    0.59396      0.7436]
 [    0.57204     0.77201]
 [    0.62613     0.78285]
 [    0.54093      0.8338]
 [    0.64217     0.84392]]
[[    0.64639     0.64643]
 [          0           0]
 [    0.64286     0.64249]
 [          0           0]
 [    0.63365     0.64583]
 [    0.62076     0.66166]
 [    0.62198     0.67829]
 [    0.62764     0.71538]
 [    0.61139     0.73691]
 [    0.64214     0.76146]
 [    0.63206     0.77619]
 [    0.59074     0.74889]
 [    0.59944     0.75847]
 [    0.57196     0.78644]
 [    0.62576      0.8086]
 [    0.54055      0.8351]
 [    0.63066     0.86964]]
[[          0           0]
 [          0           0]
 [    0.63871     0.65249]
 [          0           0]
 [    0.63167     0.65394]
 [    0.62557     0.67387]
 [     0.6257     0.68616]
 [          0           0]
 [    0.62325     0.72857]
 [          0           0]
 [    0.63077     0.75335]
 [    0.60722     0.75369]
 [    0.61631      0.7634]
 [    0.58845     0.77454]
 [    0.64379     0.80631]
 [    0.55356     0.81024]
 [    0.66814     0.86779]]
[[          0           0]
 [          0           0]
 [          0           0]
 [          0           0]
 [    0.64255     0.66157]
 [    0.63178     0.68114]
 [    0.63907     0.69013]
 [    0.64733     0.72937]
 [    0.64769     0.73656]
 [    0.66346     0.74424]
 [     0.6634     0.74602]
 [    0.61745     0.75633]
 [     0.6232     0.76443]
 [    0.64495     0.78504]
 [    0.65594     0.80604]
 [     0.6568     0.83996]
 [    0.67532     0.87576]]
[[          0           0]
 [          0           0]
 [    0.67069     0.67743]
 [          0           0]
 [     0.6632      0.6766]
 [     0.6463     0.68876]
 [    0.65503     0.70444]
 [    0.66643     0.74247]
 [    0.66767     0.75646]
 [    0.68827     0.76743]
 [    0.69134     0.77526]
 [    0.61561     0.76398]
 [    0.62811     0.77558]
 [       0.61      0.7781]
 [     0.6607     0.81498]
 [    0.58491     0.82533]
 [    0.68064     0.88846]]
[[    0.68192      0.6951]
 [          0           0]
 [     0.6811        0.69]
 [          0           0]
 [    0.67136     0.68733]
 [    0.65465     0.69999]
 [    0.65961     0.71085]
 [          0           0]
 [    0.67951     0.76464]
 [    0.69571     0.77916]
 [    0.70799     0.78942]
 [    0.63305     0.77559]
 [    0.63536     0.78415]
 [     0.6722     0.79502]
 [    0.67487     0.80843]
 [    0.68777     0.86242]
 [     0.6883     0.88382]]
[[    0.68195     0.69497]
 [          0           0]
 [    0.68113     0.68985]
 [          0           0]
 [    0.67144     0.68715]
 [    0.65467     0.69992]
 [    0.65958     0.71077]
 [          0           0]
 [    0.67945     0.76454]
 [    0.69576     0.77925]
 [      0.708     0.78937]
 [    0.63302     0.77548]
 [    0.63529      0.7841]
 [    0.67243     0.79493]
 [    0.67501     0.80858]
 [    0.68781     0.86229]
 [    0.68832     0.88409]]
[[          0           0]
 [          0           0]
 [          0           0]
 [          0           0]
 [    0.68061      0.6954]
 [     0.6595     0.70172]
 [    0.66982     0.72166]
 [    0.67425     0.74963]
 [    0.68467     0.76959]
 [          0           0]
 [    0.70956     0.79419]
 [    0.62999     0.76899]
 [    0.64374     0.78265]
 [    0.62474     0.78912]
 [    0.67776     0.82455]
 [    0.59221     0.82351]
 [    0.69129     0.88173]]
[[          0           0]
 [          0           0]
 [    0.68941     0.70325]
 [          0           0]
 [    0.68308     0.70016]
 [    0.66415     0.70813]
 [    0.67544     0.72133]
 [    0.67553     0.75262]
 [    0.68695     0.77005]
 [          0           0]
 [    0.70578      0.7959]
 [    0.63263     0.77188]
 [    0.64531     0.78062]
 [    0.63909     0.79925]
 [    0.68235     0.81623]
 [     0.6233     0.85407]
 [    0.69509     0.88007]]
[[          0           0]
 [          0           0]
 [          0           0]
 [          0           0]
 [    0.68704     0.69648]
 [    0.66906     0.70528]
 [    0.67636     0.71961]
 [    0.67851     0.75297]
 [    0.68558     0.76658]
 [          0           0]
 [    0.70078     0.79297]
 [    0.63667     0.76764]
 [    0.64762     0.77678]
 [    0.63534     0.79999]
 [    0.68178     0.82637]
 [    0.60328     0.83519]
 [    0.69168     0.88195]]
[[          0           0]
 [          0           0]
 [          0           0]
 [          0           0]
 [    0.68952     0.69299]
 [    0.66991     0.70093]
 [    0.67865     0.71831]
 [    0.67697     0.74647]
 [    0.68443      0.7678]
 [          0           0]
 [     0.6994     0.80232]
 [    0.63745     0.76299]
 [    0.64856     0.77274]
 [    0.64212     0.80171]
 [     0.6829     0.82497]
 [    0.61087     0.83985]
 [    0.69029     0.87867]]
[[          0           0]
 [          0           0]
 [          0           0]
 [          0           0]
 [    0.68832     0.68709]
 [    0.66846     0.69318]
 [    0.67835      0.7174]
 [          0           0]
 [    0.68116     0.76806]
 [          0           0]
 [    0.69451     0.79961]
 [    0.63726     0.76377]
 [    0.64889     0.77691]
 [    0.64757     0.79397]
 [    0.68503     0.82188]
 [    0.61476      0.8379]
 [    0.68931     0.87986]]
[[          0           0]
 [          0           0]
 [          0           0]
 [          0           0]
 [    0.68828     0.68722]
 [     0.6685     0.69334]
 [     0.6783     0.71753]
 [          0           0]
 [     0.6811     0.76817]
 [          0           0]
 [    0.69434     0.79974]
 [    0.63725     0.76386]
 [    0.64882     0.77699]
 [    0.64765     0.79402]
 [    0.68506     0.82194]
 [    0.61474     0.83787]
 [    0.68932     0.87986]]
[[          0           0]
 [          0           0]
 [          0           0]
 [          0           0]
 [    0.68621     0.68071]
 [    0.66214     0.67973]
 [    0.67532     0.70881]
 [          0           0]
 [    0.68072     0.77153]
 [          0           0]
 [    0.69494     0.79705]
 [    0.63668     0.75451]
 [    0.64399     0.76876]
 [    0.67244     0.80357]
 [    0.66556     0.82187]
 [    0.65532     0.84982]
 [    0.64418     0.86752]]
