[233, 235]
[233, 235]
[217, 219]
[235, 161]
[235, 161]
[245, 135]
[256, 108]
[265, 86]
[279, 55]
[283, 50]
[287, 44]
[291, 40]
[394, 77]
[402, 88]
[409, 100]
[417, 113]
[417, 113]
[425, 130]
[433, 146]
[434, 150]
[423, 131]
[413, 113]
[413, 113]
[406, 102]
[399, 92]
[397, 87]
[399, 91]
[402, 95]
[402, 95]
[405, 100]
[407, 106]
[410, 112]
[413, 121]
[416, 131]
[416, 131]
[419, 141]
[422, 152]
[426, 165]
[436, 211]
[440, 230]
[444, 249]
[458, 294]
[462, 291]
[464, 288]
[467, 286]
[467, 286]
[470, 284]
[473, 284]
[477, 285]
[480, 287]
[483, 290]
[483, 290]
[487, 294]
[488, 293]
[487, 288]
[485, 284]
[484, 280]
[484, 280]
[483, 278]
[481, 277]
[480, 277]
[478, 277]
[477, 279]
[477, 279]
[476, 282]
[474, 286]
[473, 290]
[453, 330]
[453, 330]
[431, 147]
[433, 149]
[436, 154]
[436, 154]
[439, 158]
[442, 164]
[445, 170]
[451, 187]
[451, 187]
[454, 196]
[458, 208]
[461, 220]
[465, 233]
[468, 248]
[469, 247]
[477, 281]
[479, 280]
[482, 278]
[484, 276]
[484, 276]
[486, 276]
[491, 278]
[494, 281]
[497, 285]
[497, 285]
[480, 223]
[464, 167]
[459, 146]
[459, 146]
[448, 123]
[448, 126]
