[[          0           0]
 [          0           0]
 [          0           0]
 [    0.38612     0.53342]
 [          0           0]
 [    0.38625     0.55494]
 [    0.40691     0.54806]
 [    0.36761     0.58208]
 [          0           0]
 [    0.35386     0.59027]
 [          0           0]
 [    0.40129     0.61452]
 [    0.41571     0.61083]
 [    0.40107     0.67176]
 [     0.4229     0.66548]
 [    0.41139     0.71605]
 [    0.43146     0.70616]]
[[          0           0]
 [          0           0]
 [          0           0]
 [    0.38347     0.53361]
 [          0           0]
 [    0.38421     0.54898]
 [    0.40288     0.54879]
 [    0.37063     0.58025]
 [          0           0]
 [    0.35516     0.59047]
 [          0           0]
 [    0.39812     0.60628]
 [    0.41422     0.60926]
 [    0.37161     0.63769]
 [    0.41452     0.65898]
 [    0.37674     0.67518]
 [    0.43122     0.71367]]
[[          0           0]
 [          0           0]
 [          0           0]
 [    0.37397     0.53531]
 [          0           0]
 [    0.37848       0.552]
 [    0.39454     0.55024]
 [    0.36795     0.57955]
 [          0           0]
 [     0.3546     0.59263]
 [          0           0]
 [    0.39369     0.61623]
 [    0.40696     0.61536]
 [    0.38495      0.6657]
 [    0.41275     0.66719]
 [    0.39136     0.70753]
 [    0.42468     0.70956]]
[[          0           0]
 [          0           0]
 [          0           0]
 [    0.37398     0.53531]
 [          0           0]
 [    0.37846     0.55201]
 [    0.39465     0.54993]
 [    0.36789     0.57962]
 [          0           0]
 [    0.35449     0.59263]
 [          0           0]
 [    0.39366      0.6163]
 [    0.40696     0.61519]
 [    0.38535     0.66618]
 [     0.4128     0.66697]
 [    0.39191     0.70816]
 [    0.42445      0.7091]]
[[          0           0]
 [          0           0]
 [          0           0]
 [    0.37109     0.53654]
 [          0           0]
 [    0.37467     0.55226]
 [    0.38736     0.55941]
 [     0.3723      0.5801]
 [          0           0]
 [    0.36117     0.60297]
 [          0           0]
 [    0.38837     0.60548]
 [    0.40044     0.61106]
 [    0.37344     0.63984]
 [    0.40514     0.65874]
 [    0.37347     0.67632]
 [    0.42008     0.70405]]
[[          0           0]
 [          0           0]
 [          0           0]
 [    0.37109     0.53654]
 [          0           0]
 [    0.37467     0.55226]
 [    0.38736     0.55941]
 [     0.3723      0.5801]
 [          0           0]
 [    0.36117     0.60297]
 [          0           0]
 [    0.38837     0.60548]
 [    0.40044     0.61106]
 [    0.37344     0.63984]
 [    0.40514     0.65874]
 [    0.37347     0.67632]
 [    0.42008     0.70405]]
[[          0           0]
 [          0           0]
 [          0           0]
 [    0.37109     0.53654]
 [          0           0]
 [    0.37467     0.55226]
 [    0.38736     0.55941]
 [     0.3723      0.5801]
 [          0           0]
 [    0.36117     0.60297]
 [          0           0]
 [    0.38837     0.60548]
 [    0.40044     0.61106]
 [    0.37344     0.63984]
 [    0.40514     0.65874]
 [    0.37347     0.67632]
 [    0.42008     0.70405]]
[[          0           0]
 [          0           0]
 [          0           0]
 [    0.37109     0.53654]
 [          0           0]
 [    0.37467     0.55226]
 [    0.38736     0.55941]
 [     0.3723      0.5801]
 [          0           0]
 [    0.36117     0.60297]
 [          0           0]
 [    0.38837     0.60548]
 [    0.40044     0.61106]
 [    0.37344     0.63984]
 [    0.40514     0.65874]
 [    0.37347     0.67632]
 [    0.42008     0.70405]]
[[          0           0]
 [          0           0]
 [          0           0]
 [    0.37109     0.53654]
 [          0           0]
 [    0.37467     0.55226]
 [    0.38736     0.55941]
 [     0.3723      0.5801]
 [          0           0]
 [    0.36117     0.60297]
 [          0           0]
 [    0.38837     0.60548]
 [    0.40044     0.61106]
 [    0.37344     0.63984]
 [    0.40514     0.65874]
 [    0.37347     0.67632]
 [    0.42008     0.70405]]
[[          0           0]
 [          0           0]
 [          0           0]
 [    0.37109     0.53654]
 [          0           0]
 [    0.37467     0.55226]
 [    0.38736     0.55941]
 [     0.3723      0.5801]
 [          0           0]
 [    0.36117     0.60297]
 [          0           0]
 [    0.38837     0.60548]
 [    0.40044     0.61106]
 [    0.37344     0.63984]
 [    0.40514     0.65874]
 [    0.37347     0.67632]
 [    0.42008     0.70405]]
[[          0           0]
 [          0           0]
 [          0           0]
 [    0.37109     0.53654]
 [          0           0]
 [    0.37467     0.55226]
 [    0.38736     0.55941]
 [     0.3723      0.5801]
 [          0           0]
 [    0.36117     0.60297]
 [          0           0]
 [    0.38837     0.60548]
 [    0.40044     0.61106]
 [    0.37344     0.63984]
 [    0.40514     0.65874]
 [    0.37347     0.67632]
 [    0.42008     0.70405]]
[[          0           0]
 [          0           0]
 [          0           0]
 [    0.37109     0.53654]
 [          0           0]
 [    0.37467     0.55226]
 [    0.38736     0.55941]
 [     0.3723      0.5801]
 [          0           0]
 [    0.36117     0.60297]
 [          0           0]
 [    0.38837     0.60548]
 [    0.40044     0.61106]
 [    0.37344     0.63984]
 [    0.40514     0.65874]
 [    0.37347     0.67632]
 [    0.42008     0.70405]]
[[          0           0]
 [          0           0]
 [          0           0]
 [    0.37109     0.53654]
 [          0           0]
 [    0.37467     0.55226]
 [    0.38736     0.55941]
 [     0.3723      0.5801]
 [          0           0]
 [    0.36117     0.60297]
 [          0           0]
 [    0.38837     0.60548]
 [    0.40044     0.61106]
 [    0.37344     0.63984]
 [    0.40514     0.65874]
 [    0.37347     0.67632]
 [    0.42008     0.70405]]
[[          0           0]
 [          0           0]
 [          0           0]
 [    0.37109     0.53654]
 [          0           0]
 [    0.37467     0.55226]
 [    0.38736     0.55941]
 [     0.3723      0.5801]
 [          0           0]
 [    0.36117     0.60297]
 [          0           0]
 [    0.38837     0.60548]
 [    0.40044     0.61106]
 [    0.37344     0.63984]
 [    0.40514     0.65874]
 [    0.37347     0.67632]
 [    0.42008     0.70405]]
[[          0           0]
 [          0           0]
 [          0           0]
 [    0.37109     0.53654]
 [          0           0]
 [    0.37467     0.55226]
 [    0.38736     0.55941]
 [     0.3723      0.5801]
 [          0           0]
 [    0.36117     0.60297]
 [          0           0]
 [    0.38837     0.60548]
 [    0.40044     0.61106]
 [    0.37344     0.63984]
 [    0.40514     0.65874]
 [    0.37347     0.67632]
 [    0.42008     0.70405]]
[[          0           0]
 [          0           0]
 [          0           0]
 [    0.37109     0.53654]
 [          0           0]
 [    0.37467     0.55226]
 [    0.38736     0.55941]
 [     0.3723      0.5801]
 [          0           0]
 [    0.36117     0.60297]
 [          0           0]
 [    0.38837     0.60548]
 [    0.40044     0.61106]
 [    0.37344     0.63984]
 [    0.40514     0.65874]
 [    0.37347     0.67632]
 [    0.42008     0.70405]]
[[          0           0]
 [          0           0]
 [          0           0]
 [    0.37109     0.53654]
 [          0           0]
 [    0.37467     0.55226]
 [    0.38736     0.55941]
 [     0.3723      0.5801]
 [          0           0]
 [    0.36117     0.60297]
 [          0           0]
 [    0.38837     0.60548]
 [    0.40044     0.61106]
 [    0.37344     0.63984]
 [    0.40514     0.65874]
 [    0.37347     0.67632]
 [    0.42008     0.70405]]
[[          0           0]
 [          0           0]
 [          0           0]
 [    0.37109     0.53654]
 [          0           0]
 [    0.37467     0.55226]
 [    0.38736     0.55941]
 [     0.3723      0.5801]
 [          0           0]
 [    0.36117     0.60297]
 [          0           0]
 [    0.38837     0.60548]
 [    0.40044     0.61106]
 [    0.37344     0.63984]
 [    0.40514     0.65874]
 [    0.37347     0.67632]
 [    0.42008     0.70405]]
[[          0           0]
 [          0           0]
 [          0           0]
 [    0.36438     0.53926]
 [          0           0]
 [    0.36946      0.5579]
 [    0.37855     0.55627]
 [    0.37487     0.59387]
 [    0.37332     0.58677]
 [    0.36328     0.62533]
 [          0           0]
 [    0.38761     0.61754]
 [    0.39494      0.6182]
 [    0.38834     0.65615]
 [    0.40136      0.6607]
 [    0.40188     0.69413]
 [    0.41318     0.70071]]
[[          0           0]
 [          0           0]
 [          0           0]
 [    0.36886     0.48736]
 [     0.3816     0.48672]
 [     0.3649     0.51204]
 [    0.39084     0.51116]
 [    0.35992     0.54991]
 [    0.40362     0.53754]
 [    0.35603     0.58145]
 [     0.4045     0.55959]
 [    0.37111     0.57409]
 [    0.38943     0.57514]
 [    0.36493     0.61127]
 [    0.39387     0.62003]
 [    0.36334      0.6511]
 [    0.39499     0.66692]]
[[          0           0]
 [          0           0]
 [          0           0]
 [    0.37299      0.4803]
 [     0.3856     0.47988]
 [    0.36945     0.50669]
 [    0.39423     0.50681]
 [    0.36381     0.54607]
 [    0.40469     0.53506]
 [    0.36097     0.57959]
 [    0.40477     0.55963]
 [    0.37528      0.5669]
 [    0.39285     0.56874]
 [      0.369     0.60978]
 [    0.39491     0.62097]
 [    0.36413     0.64989]
 [    0.39609     0.66942]]
[[          0           0]
 [          0           0]
 [          0           0]
 [    0.37301      0.4803]
 [    0.38559     0.47983]
 [    0.36944     0.50671]
 [    0.39425     0.50676]
 [    0.36378     0.54608]
 [    0.40466     0.53513]
 [    0.36097     0.57962]
 [    0.40475     0.55966]
 [    0.37529     0.56695]
 [    0.39288     0.56872]
 [    0.36911     0.61006]
 [    0.39498     0.62096]
 [    0.36444     0.65033]
 [    0.39617     0.66932]]
[[          0           0]
 [          0           0]
 [          0           0]
 [    0.37706     0.47669]
 [    0.38846     0.47588]
 [    0.37405     0.50262]
 [    0.39724     0.50097]
 [    0.36742      0.5367]
 [    0.41085     0.52847]
 [    0.36518     0.54516]
 [    0.40962       0.549]
 [    0.37893     0.56426]
 [    0.39515     0.56502]
 [    0.37119     0.60722]
 [    0.39587     0.61757]
 [    0.36325     0.64449]
 [    0.39471     0.66805]]
[[          0           0]
 [          0           0]
 [          0           0]
 [    0.38138     0.47382]
 [    0.39239     0.47351]
 [    0.37647     0.50057]
 [     0.4004     0.49917]
 [     0.3683     0.53427]
 [    0.41294     0.52658]
 [    0.36743     0.54302]
 [    0.41749     0.54592]
 [     0.3807     0.56479]
 [    0.39693     0.56493]
 [    0.37339     0.60859]
 [    0.39816      0.6169]
 [    0.36575     0.64959]
 [    0.39362     0.66921]]
[[          0           0]
 [          0           0]
 [          0           0]
 [    0.38391     0.47079]
 [    0.39597     0.47019]
 [    0.37953     0.49757]
 [    0.40413     0.49604]
 [    0.37039     0.53109]
 [    0.41575     0.52634]
 [    0.36944     0.53628]
 [    0.41876     0.54455]
 [    0.38487     0.56417]
 [    0.40097     0.56373]
 [    0.37926     0.61099]
 [    0.39838     0.61666]
 [    0.37362     0.65678]
 [    0.39349     0.67079]]
[[          0           0]
 [          0           0]
 [          0           0]
 [    0.38699     0.46824]
 [    0.39874     0.46739]
 [    0.38184      0.4943]
 [    0.40791     0.49243]
 [    0.37213     0.52693]
 [    0.41811      0.5248]
 [    0.37368      0.5324]
 [    0.41936     0.54111]
 [    0.38735     0.56258]
 [    0.40401     0.56103]
 [    0.38374     0.61353]
 [    0.39947     0.61353]
 [    0.38284      0.6601]
 [    0.39392      0.6633]]
[[          0           0]
 [          0           0]
 [          0           0]
 [          0           0]
 [    0.40022     0.46462]
 [    0.38212     0.49139]
 [    0.40786     0.49037]
 [    0.37376     0.52415]
 [    0.41773     0.52459]
 [      0.376     0.52924]
 [    0.41895      0.5443]
 [    0.38743     0.56172]
 [    0.40357     0.56083]
 [     0.3877     0.61394]
 [    0.40078     0.61248]
 [    0.38773     0.66119]
 [      0.394     0.66217]]
[[          0           0]
 [          0           0]
 [          0           0]
 [          0           0]
 [    0.40022     0.46456]
 [    0.38214     0.49138]
 [    0.40784     0.49035]
 [     0.3737     0.52417]
 [    0.41763     0.52456]
 [    0.37598     0.52926]
 [    0.41887     0.54436]
 [     0.3874     0.56175]
 [    0.40352     0.56087]
 [    0.38763     0.61395]
 [    0.40069     0.61257]
 [    0.38767     0.66117]
 [    0.39399     0.66235]]
[[          0           0]
 [          0           0]
 [          0           0]
 [          0           0]
 [    0.40313     0.46541]
 [    0.38517     0.49117]
 [    0.41103     0.48979]
 [    0.37621     0.52052]
 [     0.4202     0.52416]
 [    0.38316     0.52801]
 [    0.42169      0.5466]
 [     0.3909     0.55972]
 [     0.4072     0.55759]
 [     0.3904     0.61706]
 [     0.4026     0.60897]
 [    0.39366     0.66788]
 [    0.39859     0.65693]]
[[          0           0]
 [          0           0]
 [          0           0]
 [          0           0]
 [    0.40445     0.46792]
 [    0.38719     0.49327]
 [    0.41233     0.49235]
 [    0.37985     0.52372]
 [    0.42307     0.52798]
 [    0.38123     0.52856]
 [    0.42617     0.55106]
 [    0.39239     0.56533]
 [    0.40821     0.56422]
 [    0.39275     0.62119]
 [    0.40655     0.61733]
 [    0.39495     0.67318]
 [    0.40162     0.66996]]
[[          0           0]
 [          0           0]
 [          0           0]
 [          0           0]
 [    0.40903     0.47072]
 [    0.38961     0.49631]
 [    0.41593     0.49604]
 [    0.37968     0.52282]
 [    0.42605      0.5314]
 [    0.38462     0.52817]
 [    0.42906     0.55425]
 [    0.39508     0.56808]
 [    0.41176     0.56701]
 [    0.39626     0.62557]
 [    0.41148     0.62081]
 [    0.39726     0.67931]
 [    0.40706     0.67327]]
[[          0           0]
 [          0           0]
 [          0           0]
 [          0           0]
 [    0.41191     0.47542]
 [     0.3938     0.50092]
 [    0.41791     0.50477]
 [    0.38312     0.52526]
 [    0.42682     0.53727]
 [    0.39255     0.53348]
 [    0.42832     0.55068]
 [    0.39804     0.56934]
 [     0.4139     0.57087]
 [    0.39954     0.62729]
 [    0.41491     0.62636]
 [    0.39818     0.68209]
 [    0.41409     0.67947]]
[[          0           0]
 [          0           0]
 [          0           0]
 [          0           0]
 [    0.41487     0.47898]
 [    0.39675     0.50403]
 [    0.41943     0.50806]
 [    0.38523      0.5295]
 [    0.42575     0.54178]
 [    0.39111     0.53269]
 [    0.42846     0.55607]
 [    0.40044     0.56973]
 [    0.41596     0.57186]
 [    0.40069     0.62808]
 [    0.41923     0.62867]
 [    0.39696     0.68344]
 [    0.41965     0.68374]]
[[          0           0]
 [          0           0]
 [          0           0]
 [          0           0]
 [    0.41488     0.47897]
 [    0.39674     0.50404]
 [    0.41944     0.50804]
 [    0.38522     0.52954]
 [    0.42576     0.54182]
 [    0.39112     0.53275]
 [    0.42845     0.55616]
 [    0.40041     0.56982]
 [    0.41594     0.57191]
 [    0.40058      0.6283]
 [    0.41907     0.62877]
 [    0.39683     0.68379]
 [     0.4195     0.68389]]
[[          0           0]
 [          0           0]
 [          0           0]
 [          0           0]
 [    0.41737     0.48059]
 [    0.39941     0.50501]
 [    0.42394     0.50943]
 [    0.38773     0.52794]
 [    0.43374     0.54511]
 [     0.3931       0.531]
 [    0.43924     0.56505]
 [    0.40269     0.57263]
 [    0.42005     0.57431]
 [    0.40212      0.6296]
 [    0.42734     0.62639]
 [    0.39632     0.68609]
 [    0.43124     0.68006]]
[[          0           0]
 [          0           0]
 [          0           0]
 [          0           0]
 [    0.42125     0.48169]
 [    0.40419     0.50524]
 [    0.42748     0.50999]
 [    0.39269     0.53214]
 [    0.43512     0.54696]
 [    0.40241     0.53412]
 [    0.44411      0.5658]
 [    0.40685     0.57056]
 [    0.42395     0.57294]
 [    0.40399     0.62795]
 [     0.4313     0.62756]
 [    0.39623     0.68299]
 [    0.43543     0.68264]]
[[          0           0]
 [          0           0]
 [          0           0]
 [          0           0]
 [    0.42573     0.48134]
 [    0.40831     0.50373]
 [    0.43248     0.51044]
 [     0.3972     0.53224]
 [    0.44093     0.54745]
 [    0.40823     0.54104]
 [    0.44636     0.56812]
 [    0.41072     0.57071]
 [    0.42845     0.57464]
 [    0.40739     0.62862]
 [    0.43485     0.63343]
 [    0.39765     0.68455]
 [    0.43871     0.69221]]
[[          0           0]
 [          0           0]
 [          0           0]
 [          0           0]
 [    0.42984     0.48449]
 [    0.41214     0.50501]
 [    0.43829     0.51515]
 [    0.40257     0.53431]
 [    0.44734     0.55375]
 [    0.41104     0.53672]
 [    0.45087     0.57091]
 [    0.41487     0.57364]
 [    0.43434     0.57939]
 [    0.41119     0.63148]
 [    0.44024     0.64329]
 [     0.3994     0.68687]
 [    0.44369     0.70654]]
[[          0           0]
 [          0           0]
 [          0           0]
 [    0.42394     0.48534]
 [    0.43367     0.48722]
 [    0.41663     0.50982]
 [    0.44048     0.51661]
 [    0.40629     0.53743]
 [    0.44853     0.55263]
 [     0.4144     0.53826]
 [    0.45435     0.57797]
 [    0.41968     0.58222]
 [    0.43716     0.58715]
 [    0.41527     0.63358]
 [    0.44184     0.64983]
 [    0.40312     0.68244]
 [    0.44282     0.71432]]
[[          0           0]
 [          0           0]
 [          0           0]
 [    0.42393     0.48534]
 [    0.43367     0.48722]
 [    0.41661     0.50983]
 [    0.44049     0.51662]
 [    0.40631     0.53749]
 [    0.44854     0.55268]
 [    0.41437     0.53821]
 [    0.45432     0.57794]
 [    0.41964     0.58226]
 [    0.43715      0.5872]
 [    0.41522     0.63359]
 [    0.44183     0.64988]
 [     0.4031     0.68246]
 [    0.44284     0.71443]]
[[          0           0]
 [          0           0]
 [          0           0]
 [          0           0]
 [    0.43812      0.4885]
 [    0.42142     0.51277]
 [    0.44426     0.51884]
 [    0.40882     0.53554]
 [    0.45225     0.55535]
 [    0.41206      0.5317]
 [    0.46055      0.5801]
 [     0.4252     0.58363]
 [    0.44113      0.5868]
 [    0.42084     0.64511]
 [     0.4437     0.64863]
 [    0.41038     0.70216]
 [    0.44225     0.70943]]
[[          0           0]
 [          0           0]
 [          0           0]
 [          0           0]
 [    0.43957     0.49087]
 [    0.42354     0.51459]
 [    0.44473     0.51943]
 [    0.41229     0.53822]
 [    0.45442     0.55545]
 [    0.41873      0.5288]
 [    0.46523     0.58222]
 [    0.42906     0.58335]
 [     0.4435     0.58665]
 [    0.42665     0.64484]
 [    0.44617     0.64789]
 [    0.41849     0.70182]
 [    0.44378     0.70976]]
[[          0           0]
 [          0           0]
 [          0           0]
 [          0           0]
 [    0.44524     0.49099]
 [    0.42671     0.51499]
 [    0.44944     0.52046]
 [      0.415     0.53713]
 [    0.45663     0.55726]
 [    0.42137     0.52984]
 [    0.46541     0.58625]
 [    0.43091     0.58417]
 [    0.44557     0.58765]
 [    0.43391     0.64502]
 [    0.44824     0.64793]
 [    0.43168     0.70017]
 [     0.4444     0.70699]]
[[          0           0]
 [          0           0]
 [          0           0]
 [          0           0]
 [    0.44873     0.48955]
 [    0.42942     0.51476]
 [    0.45201     0.51905]
 [    0.41756     0.53812]
 [    0.45749     0.55806]
 [    0.42431     0.52936]
 [    0.46626     0.58589]
 [    0.43435     0.58308]
 [    0.44837      0.5858]
 [    0.43868     0.64498]
 [    0.45012     0.64751]
 [    0.44055     0.69996]
 [    0.44526     0.70705]]
[[          0           0]
 [          0           0]
 [          0           0]
 [          0           0]
 [    0.44895     0.49024]
 [    0.43186     0.51592]
 [    0.45478     0.51847]
 [    0.42113     0.54157]
 [    0.45982     0.55956]
 [    0.42646     0.54018]
 [    0.47234     0.58698]
 [    0.43883     0.58725]
 [    0.45253      0.5882]
 [     0.4428     0.65016]
 [    0.45234     0.64762]
 [    0.44737     0.70608]
 [    0.44638     0.70485]]
[[          0           0]
 [          0           0]
 [          0           0]
 [          0           0]
 [    0.44909      0.4907]
 [    0.43168     0.51564]
 [    0.45485      0.5187]
 [    0.42103     0.54041]
 [    0.45979     0.55988]
 [    0.42615     0.54096]
 [    0.47253     0.58746]
 [    0.43832     0.58793]
 [    0.45212     0.58902]
 [    0.44232     0.64994]
 [    0.45187     0.64829]
 [    0.44624     0.70563]
 [    0.44617     0.70563]]
[[          0           0]
 [          0           0]
 [          0           0]
 [          0           0]
 [    0.45178     0.49308]
 [    0.43333     0.51882]
 [    0.45641     0.52182]
 [    0.42511     0.54287]
 [    0.46226     0.56145]
 [    0.43009      0.5437]
 [    0.47319     0.58835]
 [    0.44148     0.59171]
 [    0.45565     0.59266]
 [    0.44647      0.6529]
 [    0.45835     0.64898]
 [    0.45195     0.70766]
 [    0.45169      0.7034]]
[[          0           0]
 [          0           0]
 [          0           0]
 [          0           0]
 [    0.45499     0.49678]
 [    0.43942     0.52629]
 [    0.46072     0.52867]
 [    0.42953     0.54504]
 [    0.46988     0.56837]
 [    0.43342     0.52483]
 [    0.47806     0.59247]
 [    0.44712     0.60249]
 [    0.45944     0.60318]
 [    0.45444     0.66722]
 [     0.4609     0.66151]
 [    0.46079     0.72704]
 [    0.45906     0.72027]]
[[          0           0]
 [          0           0]
 [          0           0]
 [          0           0]
 [    0.45798     0.50165]
 [     0.4428      0.5284]
 [    0.46389     0.53225]
 [    0.43296     0.54112]
 [    0.47334     0.56804]
 [    0.43737     0.51894]
 [    0.48168     0.58991]
 [    0.45088     0.60428]
 [    0.46319     0.60561]
 [     0.4567     0.66924]
 [    0.46408      0.6641]
 [    0.46268     0.72865]
 [    0.46296     0.72225]]
[[          0           0]
 [          0           0]
 [          0           0]
 [          0           0]
 [    0.46186     0.50215]
 [    0.44557     0.53088]
 [     0.4691     0.53033]
 [    0.43489     0.54883]
 [    0.47899     0.56507]
 [    0.43975     0.52692]
 [     0.4877     0.58695]
 [    0.45441     0.60525]
 [    0.46886     0.60457]
 [    0.45839     0.67164]
 [    0.47207     0.66249]
 [    0.46134     0.73168]
 [    0.46978     0.72059]]
[[          0           0]
 [          0           0]
 [          0           0]
 [          0           0]
 [     0.4685     0.50032]
 [    0.44802      0.5297]
 [    0.47411     0.52853]
 [    0.43737     0.55544]
 [    0.48406     0.56272]
 [          0           0]
 [    0.49279     0.58491]
 [     0.4563     0.60617]
 [    0.47325     0.60633]
 [    0.45933     0.67119]
 [    0.47854     0.66753]
 [     0.4619     0.72978]
 [    0.47715     0.72904]]
[[          0           0]
 [          0           0]
 [          0           0]
 [          0           0]
 [    0.46849     0.50033]
 [    0.44806     0.52969]
 [    0.47412     0.52851]
 [     0.4374     0.55534]
 [     0.4841     0.56274]
 [          0           0]
 [    0.49284     0.58476]
 [    0.45633     0.60614]
 [    0.47325      0.6063]
 [    0.45936     0.67116]
 [    0.47853     0.66749]
 [    0.46191      0.7298]
 [    0.47715     0.72908]]
[[          0           0]
 [          0           0]
 [          0           0]
 [          0           0]
 [      0.473     0.49875]
 [    0.45306     0.52869]
 [     0.4792     0.52554]
 [    0.44028     0.55081]
 [    0.48971     0.55907]
 [    0.44522     0.53883]
 [     0.4971     0.58674]
 [     0.4603     0.60557]
 [    0.47744     0.60388]
 [    0.46168     0.67492]
 [    0.48371     0.66587]
 [    0.46328     0.73688]
 [    0.48584     0.72714]]
[[          0           0]
 [          0           0]
 [          0           0]
 [          0           0]
 [     0.4779      0.4988]
 [    0.45668     0.52883]
 [    0.48472     0.52692]
 [    0.44226     0.55349]
 [    0.49469     0.56326]
 [    0.44582     0.54644]
 [    0.50055     0.58926]
 [    0.46333      0.6062]
 [    0.48229     0.60513]
 [    0.46302     0.67341]
 [    0.49041     0.66587]
 [    0.46233     0.73596]
 [    0.49371     0.72692]]
[[          0           0]
 [          0           0]
 [          0           0]
 [          0           0]
 [    0.48238     0.50152]
 [    0.45995     0.53155]
 [    0.48919     0.52972]
 [     0.4438     0.55817]
 [     0.4991     0.56686]
 [      0.446     0.56161]
 [    0.50485     0.59567]
 [    0.46535     0.61312]
 [    0.48567      0.6115]
 [    0.46419     0.67885]
 [    0.49539     0.67313]
 [    0.46055      0.7414]
 [    0.50176     0.73622]]
[[          0           0]
 [          0           0]
 [          0           0]
 [          0           0]
 [          0           0]
 [    0.46916     0.54851]
 [    0.49683     0.55269]
 [    0.44959     0.56493]
 [    0.50339     0.58629]
 [    0.44368     0.57305]
 [    0.50966     0.60823]
 [    0.46973     0.62207]
 [    0.48986     0.62272]
 [    0.46389     0.68524]
 [    0.50456     0.68188]
 [    0.45733     0.74941]
 [    0.51204     0.74242]]
[[          0           0]
 [          0           0]
 [          0           0]
 [    0.48061     0.53567]
 [    0.49332      0.5356]
 [    0.47128     0.55679]
 [    0.49874     0.56163]
 [    0.45183      0.5815]
 [    0.50636     0.59905]
 [    0.43901      0.6091]
 [    0.51437     0.62042]
 [    0.47132     0.62863]
 [    0.49147     0.62968]
 [    0.46807     0.69167]
 [    0.50891     0.68895]
 [    0.45929      0.7578]
 [    0.51749     0.74884]]
[[          0           0]
 [          0           0]
 [          0           0]
 [    0.48054     0.53568]
 [    0.49334     0.53563]
 [    0.47113     0.55674]
 [    0.49873     0.56165]
 [    0.45171     0.58138]
 [    0.50637     0.59912]
 [    0.43929     0.60875]
 [    0.51439     0.62038]
 [    0.47115     0.62866]
 [    0.49139     0.62974]
 [    0.46802     0.69165]
 [    0.50888     0.68897]
 [    0.45931     0.75774]
 [    0.51741     0.74882]]
[[          0           0]
 [          0           0]
 [          0           0]
 [    0.48181     0.53897]
 [    0.49516     0.53944]
 [    0.47347     0.56487]
 [    0.50058     0.57018]
 [    0.45742     0.59555]
 [    0.51061     0.60905]
 [    0.44986     0.62285]
 [    0.52346     0.62915]
 [    0.47464     0.63747]
 [    0.49557     0.63991]
 [    0.46821     0.69576]
 [    0.51502     0.69913]
 [     0.4576     0.75635]
 [    0.52689     0.75899]]
[[          0           0]
 [          0           0]
 [          0           0]
 [          0           0]
 [    0.50093     0.54387]
 [    0.47947     0.56878]
 [    0.50605     0.57585]
 [    0.46721     0.60328]
 [    0.51729     0.61586]
 [      0.462     0.63678]
 [    0.52814     0.63275]
 [    0.47882      0.6428]
 [    0.50035     0.64583]
 [      0.469     0.69735]
 [    0.52197     0.70135]
 [    0.45695      0.7564]
 [    0.53424     0.75944]]
[[          0           0]
 [          0           0]
 [          0           0]
 [    0.49834     0.54448]
 [    0.51142      0.5461]
 [    0.48802     0.57129]
 [    0.51394     0.57701]
 [    0.47602     0.61031]
 [    0.52285     0.61535]
 [    0.46924     0.64988]
 [    0.53632     0.64418]
 [    0.48469     0.64484]
 [    0.50618     0.64836]
 [    0.47241     0.69703]
 [    0.52755      0.7055]
 [    0.45824     0.75765]
 [     0.5401     0.76913]]
[[          0           0]
 [          0           0]
 [          0           0]
 [    0.50496     0.54881]
 [    0.51996     0.55139]
 [    0.49488     0.57673]
 [    0.52346      0.5838]
 [    0.48243     0.61852]
 [    0.53174     0.62341]
 [    0.47696     0.65287]
 [     0.5387     0.65629]
 [    0.49273     0.64282]
 [    0.51566     0.64832]
 [    0.47987     0.69538]
 [     0.5334     0.71225]
 [    0.46163     0.75028]
 [     0.5401     0.77719]]
[[          0           0]
 [          0           0]
 [          0           0]
 [    0.51499     0.54645]
 [     0.5269     0.54833]
 [    0.50637     0.57432]
 [    0.52898      0.5788]
 [    0.49248     0.61029]
 [    0.53372     0.61523]
 [          0           0]
 [    0.54313     0.64387]
 [    0.50132     0.64283]
 [    0.52018     0.64665]
 [    0.49161     0.69529]
 [    0.53922     0.70893]
 [    0.47185     0.74626]
 [     0.5406     0.77055]]
[[          0           0]
 [          0           0]
 [          0           0]
 [    0.51499     0.54641]
 [    0.52691     0.54831]
 [    0.50637      0.5743]
 [    0.52898      0.5788]
 [    0.49247     0.61029]
 [    0.53374     0.61526]
 [          0           0]
 [    0.54315     0.64392]
 [    0.50133     0.64283]
 [    0.52019     0.64667]
 [    0.49164     0.69526]
 [    0.53922     0.70893]
 [    0.47188     0.74623]
 [    0.54059     0.77059]]
[[          0           0]
 [          0           0]
 [          0           0]
 [     0.5244     0.53903]
 [    0.53687     0.54188]
 [    0.51526     0.56862]
 [    0.53856     0.57632]
 [    0.50118      0.6024]
 [    0.54256     0.61268]
 [    0.50374      0.6287]
 [    0.54935     0.64468]
 [     0.5098     0.64107]
 [    0.52831     0.64663]
 [    0.50221     0.69249]
 [    0.54272     0.70966]
 [    0.48375     0.74415]
 [    0.54204     0.77235]]
[[          0           0]
 [          0           0]
 [          0           0]
 [          0           0]
 [    0.54371     0.54181]
 [    0.51958     0.56756]
 [    0.54172     0.57353]
 [    0.50727     0.60507]
 [    0.54538     0.61273]
 [          0           0]
 [    0.55429     0.64699]
 [    0.51691     0.64116]
 [    0.53341     0.64604]
 [    0.51534      0.6936]
 [    0.54359     0.70666]
 [    0.50193     0.74548]
 [    0.54375     0.76905]]
[[          0           0]
 [          0           0]
 [          0           0]
 [          0           0]
 [    0.55183     0.53292]
 [    0.52833     0.56199]
 [    0.54951     0.56675]
 [    0.51367     0.59771]
 [    0.55066     0.60885]
 [    0.51805     0.62888]
 [    0.55365     0.64252]
 [    0.52598     0.63463]
 [    0.54096     0.63776]
 [    0.52643     0.69732]
 [    0.54731     0.70162]
 [    0.51691     0.75533]
 [    0.54816     0.76059]]
[[          0           0]
 [          0           0]
 [          0           0]
 [          0           0]
 [    0.55183     0.53292]
 [    0.52833     0.56199]
 [    0.54951     0.56675]
 [    0.51367     0.59771]
 [    0.55066     0.60885]
 [    0.51805     0.62888]
 [    0.55365     0.64252]
 [    0.52598     0.63463]
 [    0.54096     0.63776]
 [    0.52643     0.69732]
 [    0.54731     0.70162]
 [    0.51691     0.75533]
 [    0.54816     0.76059]]
[[          0           0]
 [          0           0]
 [          0           0]
 [          0           0]
 [    0.55183     0.53292]
 [    0.52833     0.56199]
 [    0.54951     0.56675]
 [    0.51367     0.59771]
 [    0.55066     0.60885]
 [    0.51805     0.62888]
 [    0.55365     0.64252]
 [    0.52598     0.63463]
 [    0.54096     0.63776]
 [    0.52643     0.69732]
 [    0.54731     0.70162]
 [    0.51691     0.75533]
 [    0.54816     0.76059]]
[[          0           0]
 [          0           0]
 [          0           0]
 [          0           0]
 [    0.55183     0.53292]
 [    0.52833     0.56199]
 [    0.54951     0.56675]
 [    0.51367     0.59771]
 [    0.55066     0.60885]
 [    0.51805     0.62888]
 [    0.55365     0.64252]
 [    0.52598     0.63463]
 [    0.54096     0.63776]
 [    0.52643     0.69732]
 [    0.54731     0.70162]
 [    0.51691     0.75533]
 [    0.54816     0.76059]]
[[          0           0]
 [          0           0]
 [          0           0]
 [          0           0]
 [    0.55183     0.53292]
 [    0.52833     0.56199]
 [    0.54951     0.56675]
 [    0.51367     0.59771]
 [    0.55066     0.60885]
 [    0.51805     0.62888]
 [    0.55365     0.64252]
 [    0.52598     0.63463]
 [    0.54096     0.63776]
 [    0.52643     0.69732]
 [    0.54731     0.70162]
 [    0.51691     0.75533]
 [    0.54816     0.76059]]
[[          0           0]
 [          0           0]
 [          0           0]
 [          0           0]
 [    0.55183     0.53292]
 [    0.52833     0.56199]
 [    0.54951     0.56675]
 [    0.51367     0.59771]
 [    0.55066     0.60885]
 [    0.51805     0.62888]
 [    0.55365     0.64252]
 [    0.52598     0.63463]
 [    0.54096     0.63776]
 [    0.52643     0.69732]
 [    0.54731     0.70162]
 [    0.51691     0.75533]
 [    0.54816     0.76059]]
[[          0           0]
 [          0           0]
 [          0           0]
 [          0           0]
 [          0           0]
 [    0.52527     0.56769]
 [    0.55004     0.57024]
 [    0.51602     0.59394]
 [    0.55345     0.59776]
 [          0           0]
 [          0           0]
 [    0.52672     0.63396]
 [    0.54293     0.63545]
 [    0.52895     0.69927]
 [    0.54298     0.70049]
 [      0.529       0.762]
 [    0.53929     0.76437]]
[[    0.59545     0.56406]
 [          0           0]
 [    0.59237     0.55886]
 [          0           0]
 [    0.58212      0.5618]
 [    0.57844     0.59244]
 [    0.57546     0.59646]
 [          0           0]
 [     0.5784     0.64601]
 [          0           0]
 [    0.59566     0.66653]
 [    0.58335      0.6779]
 [    0.58163     0.68396]
 [    0.58853     0.73411]
 [     0.5862     0.74902]
 [    0.58939     0.79236]
 [    0.58599     0.81899]]
[[    0.59878     0.56814]
 [          0           0]
 [    0.59637     0.56254]
 [          0           0]
 [    0.58792     0.56387]
 [    0.58227     0.59525]
 [    0.58049     0.59952]
 [          0           0]
 [    0.58388     0.64993]
 [          0           0]
 [     0.5987     0.66944]
 [     0.5823     0.67809]
 [    0.58355     0.68294]
 [    0.58196     0.73871]
 [    0.59409     0.74827]
 [    0.57134      0.7984]
 [    0.60327     0.81503]]
[[    0.59875     0.56801]
 [          0           0]
 [    0.59636     0.56245]
 [          0           0]
 [    0.58797     0.56382]
 [    0.58229     0.59521]
 [    0.58057     0.59947]
 [          0           0]
 [    0.58392      0.6499]
 [          0           0]
 [    0.59867     0.66951]
 [    0.58238     0.67818]
 [    0.58365       0.683]
 [    0.58205     0.73896]
 [     0.5941     0.74841]
 [    0.57151     0.79866]
 [    0.60323      0.8151]]
[[    0.60165     0.57762]
 [          0           0]
 [    0.59953     0.57195]
 [          0           0]
 [    0.59313     0.57214]
 [    0.58906     0.59935]
 [    0.58436     0.60453]
 [          0           0]
 [    0.58506     0.65082]
 [          0           0]
 [    0.60231     0.67146]
 [    0.58864     0.67849]
 [    0.58596     0.68451]
 [    0.60119     0.73347]
 [    0.59795     0.74507]
 [    0.59541      0.7898]
 [    0.60064      0.8076]]
[[     0.6075     0.57793]
 [          0           0]
 [    0.60475     0.57246]
 [          0           0]
 [    0.59798     0.57284]
 [    0.59732     0.60104]
 [    0.58953      0.6047]
 [    0.59507     0.64904]
 [    0.58838     0.65018]
 [    0.60866     0.67003]
 [    0.60739     0.67522]
 [    0.59559     0.68468]
 [    0.59179     0.69089]
 [    0.60357     0.74285]
 [    0.60712     0.75855]
 [    0.58846      0.7944]
 [    0.61233     0.82087]]
[[          0           0]
 [          0           0]
 [          0           0]
 [          0           0]
 [    0.60896     0.58539]
 [    0.60883     0.61362]
 [    0.59853     0.61477]
 [     0.6131      0.6569]
 [    0.59418     0.65284]
 [    0.62163     0.66876]
 [    0.61524     0.67158]
 [    0.60266     0.69384]
 [    0.59735     0.69821]
 [    0.61045     0.74973]
 [    0.61311     0.76389]
 [    0.59741     0.80599]
 [    0.61989     0.83271]]
[[     0.6121     0.60835]
 [          0           0]
 [    0.61002     0.60207]
 [          0           0]
 [    0.60684      0.6015]
 [    0.61372     0.62846]
 [    0.60007     0.63035]
 [     0.6184     0.66478]
 [    0.59971     0.66519]
 [    0.62293     0.67025]
 [    0.61652     0.66796]
 [    0.60788     0.69803]
 [    0.60007     0.70201]
 [    0.61491     0.74833]
 [     0.6158     0.76067]
 [    0.60112     0.80163]
 [     0.6167     0.82163]]
[[      0.623     0.59396]
 [    0.62513     0.58868]
 [    0.61984      0.5879]
 [          0           0]
 [    0.61262     0.58999]
 [    0.62492     0.62282]
 [     0.6046     0.62135]
 [          0           0]
 [    0.60357      0.6615]
 [    0.62898     0.66887]
 [    0.62047     0.66918]
 [    0.61982     0.70022]
 [    0.60679     0.70108]
 [    0.62393     0.76067]
 [     0.6199     0.76211]
 [    0.61816     0.82147]
 [    0.61842     0.82518]]
[[    0.62291     0.59415]
 [    0.62505      0.5889]
 [    0.61978      0.5881]
 [          0           0]
 [    0.61263     0.59016]
 [     0.6249     0.62293]
 [    0.60454     0.62143]
 [          0           0]
 [    0.60357     0.66155]
 [    0.62897     0.66901]
 [    0.62047     0.66919]
 [    0.61975     0.70035]
 [    0.60669     0.70122]
 [    0.62394     0.76073]
 [    0.61989     0.76225]
 [    0.61815     0.82138]
 [     0.6184     0.82525]]
[[    0.62968     0.59464]
 [          0           0]
 [    0.62758     0.58939]
 [          0           0]
 [    0.62084     0.59127]
 [    0.62457     0.62155]
 [    0.61019     0.62244]
 [    0.62615     0.66392]
 [    0.60947     0.66333]
 [    0.62949     0.66823]
 [    0.62522     0.66368]
 [    0.62198     0.70022]
 [    0.61157     0.70385]
 [    0.63486      0.7587]
 [    0.62288     0.76624]
 [    0.62657     0.81781]
 [    0.62036     0.82968]]
[[          0           0]
 [          0           0]
 [          0           0]
 [          0           0]
 [    0.61772     0.60711]
 [    0.62813     0.63417]
 [    0.61064     0.63455]
 [    0.63099     0.67179]
 [    0.61232     0.67463]
 [    0.62888     0.65918]
 [    0.62083      0.6565]
 [      0.625     0.71022]
 [    0.61233     0.71195]
 [    0.64072     0.76535]
 [     0.6301     0.76844]
 [    0.63761     0.82242]
 [    0.62052     0.82681]]
[[    0.64123     0.60207]
 [          0           0]
 [    0.63835     0.59598]
 [          0           0]
 [    0.62949     0.59915]
 [    0.63536     0.63321]
 [    0.61873     0.63088]
 [    0.63306     0.68476]
 [    0.61654      0.6671]
 [    0.63301     0.72779]
 [    0.62906     0.65651]
 [    0.62835     0.71283]
 [    0.61551     0.71419]
 [    0.64394     0.76895]
 [    0.62959     0.77118]
 [    0.64484     0.83241]
 [     0.6181     0.83076]]
[[    0.64357     0.60127]
 [          0           0]
 [    0.64017     0.59584]
 [          0           0]
 [    0.62891     0.60459]
 [    0.63357     0.64051]
 [    0.62242     0.63756]
 [          0           0]
 [    0.62362     0.64157]
 [    0.64118     0.60911]
 [    0.63105     0.61552]
 [    0.63173      0.7188]
 [    0.62445     0.71913]
 [     0.6402     0.78061]
 [    0.64141     0.77916]
 [    0.63478       0.836]
 [    0.64656     0.83644]]
[[    0.63678     0.62789]
 [          0           0]
 [    0.63317     0.62414]
 [          0           0]
 [     0.6254     0.63332]
 [     0.6369     0.65773]
 [    0.62452     0.65914]
 [     0.6412     0.62584]
 [    0.62736     0.62533]
 [     0.6399     0.59602]
 [    0.63437     0.58871]
 [    0.63741     0.73375]
 [    0.62873     0.73558]
 [    0.64548     0.78639]
 [    0.64348     0.78954]
 [    0.63764     0.83485]
 [    0.64553     0.83976]]
[[    0.62885     0.64979]
 [          0           0]
 [    0.62522      0.6467]
 [          0           0]
 [    0.61964     0.65426]
 [    0.63476     0.66847]
 [    0.62241     0.67236]
 [    0.64186     0.62758]
 [    0.62702     0.63092]
 [    0.64073     0.59671]
 [    0.63471     0.59283]
 [    0.63764      0.7358]
 [    0.62887     0.73823]
 [    0.64618     0.78658]
 [    0.64205     0.79011]
 [    0.63877     0.83453]
 [    0.64413     0.83925]]
[[    0.65538      0.6086]
 [          0           0]
 [    0.65263     0.60325]
 [          0           0]
 [    0.64381     0.60862]
 [    0.64561     0.63104]
 [    0.63379     0.63603]
 [          0           0]
 [    0.62308      0.6232]
 [          0           0]
 [    0.63009     0.59165]
 [    0.64248     0.72597]
 [    0.63201      0.7291]
 [    0.65994     0.79293]
 [    0.64637     0.79168]
 [    0.65917     0.84934]
 [    0.63444       0.842]]
[[    0.64168     0.64629]
 [          0           0]
 [          0           0]
 [          0           0]
 [    0.63534     0.64521]
 [      0.646     0.67061]
 [    0.63185     0.66895]
 [    0.64716      0.6865]
 [    0.62442      0.6686]
 [    0.64657     0.69637]
 [    0.62768     0.63524]
 [    0.64691      0.7483]
 [    0.63523     0.74952]
 [    0.66964     0.80072]
 [    0.64866     0.80033]
 [     0.6683     0.85441]
 [    0.62871     0.84853]]
[[          0           0]
 [          0           0]
 [          0           0]
 [          0           0]
 [          0           0]
 [    0.65245     0.65851]
 [    0.63268     0.66128]
 [    0.65299     0.66111]
 [    0.62556     0.67708]
 [     0.6482     0.63525]
 [    0.63176     0.65421]
 [    0.64954     0.74098]
 [    0.63406     0.74366]
 [    0.66961     0.79841]
 [     0.6485     0.79902]
 [    0.67099     0.86083]
 [    0.62882     0.85903]]
[[    0.66601     0.63273]
 [          0           0]
 [    0.66307     0.62747]
 [          0           0]
 [    0.65363      0.6321]
 [     0.6613      0.6567]
 [    0.64054       0.654]
 [    0.65686      0.6268]
 [    0.63696     0.62644]
 [    0.64841     0.58662]
 [      0.642     0.57807]
 [     0.6548     0.74353]
 [    0.63771     0.74421]
 [    0.67072     0.80313]
 [    0.65182     0.80364]
 [    0.67008      0.8644]
 [    0.63132     0.86539]]
[[    0.67015     0.63765]
 [          0           0]
 [    0.66701     0.63178]
 [          0           0]
 [    0.65686     0.63252]
 [    0.66787     0.66192]
 [    0.64022     0.65824]
 [          0           0]
 [    0.63016     0.67563]
 [          0           0]
 [    0.63414     0.64879]
 [    0.65704     0.74569]
 [     0.6375     0.74777]
 [    0.67286     0.80044]
 [    0.65098     0.80747]
 [    0.67014     0.86395]
 [    0.63723     0.87524]]
[[    0.67027     0.63764]
 [          0           0]
 [    0.66712     0.63175]
 [          0           0]
 [    0.65708     0.63265]
 [    0.66803     0.66211]
 [    0.64056     0.65847]
 [          0           0]
 [    0.63061     0.67461]
 [          0           0]
 [    0.63429       0.647]
 [    0.65704     0.74582]
 [     0.6376     0.74791]
 [    0.67283     0.80033]
 [    0.65101      0.8075]
 [    0.67021     0.86379]
 [    0.63726     0.87529]]
[[          0           0]
 [          0           0]
 [          0           0]
 [          0           0]
 [     0.6401     0.63753]
 [    0.65601     0.66535]
 [    0.63461     0.66599]
 [    0.65901     0.69692]
 [    0.63147     0.68772]
 [          0           0]
 [    0.63925     0.66605]
 [    0.65204     0.74961]
 [    0.63641     0.75307]
 [     0.6716     0.79822]
 [    0.64911     0.81231]
 [    0.66952     0.85704]
 [    0.64224     0.88425]]
[[    0.66062     0.65694]
 [          0           0]
 [    0.65796     0.65183]
 [          0           0]
 [    0.64981     0.65249]
 [     0.6567     0.67052]
 [    0.63815     0.67352]
 [    0.65811     0.70134]
 [    0.63285      0.6929]
 [    0.65664     0.70296]
 [     0.6434     0.67234]
 [    0.65196     0.74691]
 [    0.63809     0.75206]
 [    0.67006     0.80023]
 [    0.64794     0.81362]
 [    0.66728     0.86596]
 [    0.64113     0.88621]]
[[    0.67352     0.65775]
 [          0           0]
 [     0.6701     0.65215]
 [          0           0]
 [    0.65977     0.65484]
 [    0.66204     0.67787]
 [    0.64683     0.67845]
 [    0.66125     0.72597]
 [    0.63281     0.69108]
 [    0.66682     0.76231]
 [    0.64131     0.66961]
 [    0.64686     0.75076]
 [    0.63521     0.75755]
 [    0.67322     0.79417]
 [    0.64988     0.81806]
 [    0.66965     0.86056]
 [    0.64229     0.89823]]
[[    0.67736     0.66716]
 [          0           0]
 [    0.67389      0.6615]
 [          0           0]
 [    0.66395     0.66296]
 [    0.66806     0.68539]
 [    0.64826     0.68835]
 [    0.66143     0.73416]
 [    0.63414     0.73448]
 [     0.6676     0.76993]
 [    0.64868     0.77257]
 [    0.64711     0.75612]
 [    0.63227     0.76222]
 [    0.67339     0.79934]
 [    0.65118     0.81831]
 [    0.66634     0.86556]
 [    0.64267     0.89862]]
[[          0           0]
 [          0           0]
 [          0           0]
 [          0           0]
 [    0.65475     0.69345]
 [    0.65017     0.71055]
 [    0.64199     0.71261]
 [    0.64752     0.75181]
 [    0.63841     0.75747]
 [     0.6604     0.78011]
 [    0.65529     0.79173]
 [    0.63924     0.77174]
 [    0.63218     0.77724]
 [     0.6713      0.8047]
 [    0.65503     0.81829]
 [     0.6659     0.87024]
 [    0.64354      0.8935]]
[[          0           0]
 [          0           0]
 [          0           0]
 [          0           0]
 [    0.65471     0.69332]
 [    0.65024     0.71043]
 [    0.64208     0.71246]
 [    0.64754     0.75165]
 [    0.63833     0.75726]
 [    0.66036        0.78]
 [    0.65507     0.79164]
 [    0.63925     0.77145]
 [    0.63219     0.77691]
 [    0.67133     0.80465]
 [    0.65506     0.81822]
 [    0.66597     0.87011]
 [    0.64341     0.89339]]
[[    0.67354     0.68956]
 [          0           0]
 [     0.6711     0.68336]
 [          0           0]
 [    0.66251     0.68406]
 [    0.65876      0.7074]
 [    0.64976     0.71061]
 [          0           0]
 [    0.64352      0.7575]
 [          0           0]
 [     0.6558     0.79372]
 [    0.63991     0.77045]
 [    0.63267     0.77487]
 [    0.66774     0.81751]
 [    0.65792     0.82744]
 [    0.65396     0.87832]
 [      0.642     0.89621]]
[[    0.67525     0.69287]
 [          0           0]
 [    0.67271     0.68674]
 [          0           0]
 [    0.66359      0.6841]
 [    0.66204     0.70346]
 [    0.65103     0.70347]
 [          0           0]
 [    0.64472     0.74565]
 [          0           0]
 [     0.6537     0.78933]
 [    0.64372     0.76823]
 [    0.63575     0.77093]
 [    0.66556     0.82514]
 [    0.65852     0.83293]
 [     0.6546      0.8787]
 [     0.6425     0.90018]]
[[    0.67502     0.69581]
 [          0           0]
 [     0.6725     0.68945]
 [          0           0]
 [     0.6632     0.68528]
 [    0.65896     0.70092]
 [    0.64859     0.70816]
 [     0.6631     0.75644]
 [     0.6565     0.76898]
 [    0.68323     0.77809]
 [    0.68215      0.7798]
 [     0.6331     0.76211]
 [    0.62428     0.77051]
 [     0.6719     0.80137]
 [    0.66043     0.82356]
 [    0.66124      0.8639]
 [    0.64427     0.89881]]
[[    0.67369     0.69264]
 [          0           0]
 [    0.67223     0.68702]
 [          0           0]
 [    0.66523     0.68423]
 [    0.64082     0.68689]
 [    0.65757     0.70871]
 [    0.64189     0.72049]
 [    0.66953     0.76371]
 [          0           0]
 [    0.68748      0.7944]
 [    0.61159     0.75131]
 [    0.62055     0.76315]
 [    0.65431     0.80504]
 [     0.6568     0.82413]
 [    0.64985     0.87462]
 [    0.64122     0.89831]]
[[          0           0]
 [          0           0]
 [          0           0]
 [          0           0]
 [    0.66344     0.67558]
 [    0.63561     0.67548]
 [    0.65472     0.70444]
 [          0           0]
 [    0.66216     0.74912]
 [          0           0]
 [    0.67307     0.77216]
 [    0.60756     0.75068]
 [      0.619     0.76581]
 [    0.64682     0.79558]
 [    0.65236     0.82021]
 [    0.64398     0.86241]
 [    0.64523     0.89267]]
[[          0           0]
 [          0           0]
 [          0           0]
 [          0           0]
 [    0.66346     0.67559]
 [    0.63566     0.67561]
 [    0.65476     0.70443]
 [          0           0]
 [    0.66227     0.74918]
 [          0           0]
 [     0.6732     0.77188]
 [     0.6076     0.75065]
 [      0.619     0.76577]
 [    0.64715     0.79613]
 [    0.65254      0.8209]
 [    0.64461       0.863]
 [    0.64539     0.89358]]
[[          0           0]
 [          0           0]
 [          0           0]
 [          0           0]
 [    0.65936      0.6612]
 [     0.6352     0.66706]
 [    0.64959     0.68909]
 [          0           0]
 [    0.64691     0.71564]
 [          0           0]
 [    0.64682     0.69618]
 [    0.61122     0.75162]
 [    0.61896     0.76347]
 [    0.64962     0.80345]
 [    0.64951     0.82233]
 [    0.64093     0.87202]
 [    0.64311     0.89372]]
[[          0           0]
 [          0           0]
 [          0           0]
 [          0           0]
 [    0.65135      0.6549]
 [    0.62677      0.6635]
 [    0.64595     0.68024]
 [          0           0]
 [    0.64453     0.70444]
 [          0           0]
 [          0           0]
 [    0.60852     0.75022]
 [    0.61975     0.76058]
 [    0.64176      0.8014]
 [    0.65059     0.82068]
 [    0.63016     0.86859]
 [    0.64406      0.8937]]
[[          0           0]
 [          0           0]
 [          0           0]
 [          0           0]
 [    0.64509     0.64993]
 [    0.61834     0.66449]
 [    0.64093     0.68268]
 [     0.5951     0.67157]
 [    0.62846     0.71045]
 [    0.59778     0.66176]
 [          0           0]
 [    0.60347     0.75528]
 [    0.61958     0.76663]
 [    0.62491       0.799]
 [    0.64989     0.82139]
 [    0.61199     0.86179]
 [    0.64531     0.89357]]
[[          0           0]
 [          0           0]
 [          0           0]
 [          0           0]
 [    0.63437     0.64588]
 [    0.61065     0.67094]
 [     0.6346      0.6736]
 [    0.59394     0.69707]
 [    0.63525     0.68746]
 [          0           0]
 [          0           0]
 [    0.59967      0.7596]
 [     0.6178     0.76338]
 [    0.60888     0.80995]
 [    0.64436     0.82112]
 [    0.59914     0.87593]
 [    0.64294     0.89705]]
[[          0           0]
 [          0           0]
 [          0           0]
 [          0           0]
 [    0.62733     0.64076]
 [    0.60448      0.6647]
 [    0.62735      0.6659]
 [    0.59232     0.68449]
 [    0.62234     0.66366]
 [     0.5901     0.66953]
 [    0.60315     0.64038]
 [    0.59831     0.74601]
 [    0.61694     0.74989]
 [    0.59819     0.80392]
 [    0.63653     0.81855]
 [    0.58339     0.86396]
 [    0.64264     0.89184]]
[[          0           0]
 [          0           0]
 [          0           0]
 [          0           0]
 [    0.62748     0.64086]
 [    0.60467     0.66477]
 [     0.6277      0.6661]
 [     0.5927     0.68442]
 [    0.62253      0.6641]
 [    0.59021     0.66894]
 [    0.60255     0.64129]
 [    0.59841     0.74587]
 [    0.61716     0.74977]
 [    0.59823     0.80355]
 [    0.63646     0.81843]
 [     0.5836     0.86343]
 [    0.64267     0.89182]]
[[          0           0]
 [          0           0]
 [          0           0]
 [    0.60933     0.63058]
 [    0.62376     0.63285]
 [    0.59924     0.65939]
 [    0.62579     0.66339]
 [    0.58219     0.69488]
 [    0.61774     0.68749]
 [    0.58427     0.67829]
 [          0           0]
 [    0.59285     0.73907]
 [    0.61516     0.74271]
 [     0.5868     0.80963]
 [    0.63094     0.82171]
 [    0.57117     0.87972]
 [     0.6421     0.89892]]
[[          0           0]
 [          0           0]
 [          0           0]
 [          0           0]
 [    0.61517     0.62788]
 [    0.59159     0.65547]
 [    0.61822     0.65994]
 [    0.57629     0.69028]
 [     0.6175     0.69093]
 [          0           0]
 [          0           0]
 [    0.58556     0.74025]
 [     0.6076     0.74279]
 [    0.57891     0.81314]
 [    0.62298     0.82038]
 [    0.56476      0.8823]
 [    0.63881     0.89392]]
[[          0           0]
 [          0           0]
 [          0           0]
 [    0.59544     0.62105]
 [    0.61095     0.62197]
 [    0.58574     0.64879]
 [    0.61467     0.65396]
 [    0.57024      0.6852]
 [          0           0]
 [    0.56924     0.68457]
 [          0           0]
 [    0.58029     0.73333]
 [    0.60334     0.73586]
 [    0.57311     0.80831]
 [    0.61234     0.81553]
 [    0.56744     0.87873]
 [    0.63213     0.88891]]
[[          0           0]
 [          0           0]
 [          0           0]
 [    0.58603     0.61819]
 [    0.60139     0.61816]
 [    0.57715     0.64485]
 [     0.6071     0.64694]
 [    0.56487     0.66963]
 [          0           0]
 [          0           0]
 [          0           0]
 [    0.57378     0.73031]
 [    0.59708     0.73178]
 [    0.57066     0.80481]
 [    0.60684     0.81035]
 [    0.56732     0.87731]
 [    0.62215     0.88455]]
[[          0           0]
 [          0           0]
 [          0           0]
 [    0.58291     0.60874]
 [    0.60011     0.61109]
 [    0.57285     0.63871]
 [    0.60463     0.64203]
 [    0.56314     0.66599]
 [          0           0]
 [          0           0]
 [          0           0]
 [    0.56865     0.72485]
 [    0.59251     0.72652]
 [    0.56742     0.80031]
 [    0.59998     0.80406]
 [    0.56764     0.87499]
 [    0.60642     0.88025]]
[[          0           0]
 [          0           0]
 [          0           0]
 [     0.5829     0.60877]
 [    0.60011     0.61113]
 [    0.57286     0.63861]
 [    0.60472     0.64186]
 [    0.56312      0.6649]
 [          0           0]
 [          0           0]
 [          0           0]
 [    0.56864     0.72493]
 [    0.59253     0.72659]
 [    0.56744      0.8003]
 [    0.60001     0.80407]
 [    0.56759     0.87496]
 [    0.60643     0.88019]]
[[          0           0]
 [          0           0]
 [          0           0]
 [          0           0]
 [    0.59552     0.60143]
 [    0.56658     0.63076]
 [    0.59587     0.63428]
 [    0.55524     0.67652]
 [    0.59675     0.67934]
 [          0           0]
 [          0           0]
 [    0.56409     0.71688]
 [    0.58456     0.71867]
 [    0.56637     0.79622]
 [    0.58967     0.79744]
 [    0.56565     0.87578]
 [    0.59216     0.87629]]
[[          0           0]
 [          0           0]
 [          0           0]
 [          0           0]
 [    0.59139     0.59688]
 [    0.56427     0.62717]
 [    0.59265     0.63155]
 [    0.55278     0.67129]
 [     0.5944      0.6768]
 [          0           0]
 [          0           0]
 [    0.56247     0.71496]
 [    0.58118     0.71699]
 [    0.56409     0.79097]
 [    0.58048     0.79373]
 [    0.56471     0.86535]
 [    0.57801     0.86794]]
[[          0           0]
 [          0           0]
 [          0           0]
 [    0.57287     0.58513]
 [     0.5875     0.58824]
 [     0.5611     0.61661]
 [    0.58985      0.6237]
 [    0.54541     0.65947]
 [          0           0]
 [          0           0]
 [          0           0]
 [    0.55831     0.70639]
 [    0.57708     0.71164]
 [    0.56017     0.77285]
 [     0.5726     0.78983]
 [    0.55393     0.83576]
 [    0.56695     0.86453]]
[[          0           0]
 [          0           0]
 [          0           0]
 [          0           0]
 [     0.5799     0.58556]
 [    0.55334     0.60864]
 [    0.58129     0.62657]
 [    0.53664     0.63638]
 [    0.58686     0.68573]
 [    0.54519     0.61608]
 [    0.59825     0.72265]
 [    0.55047     0.70025]
 [    0.56859     0.71102]
 [     0.5532     0.75579]
 [    0.56705     0.78366]
 [    0.53748     0.81095]
 [     0.5611     0.86047]]
[[          0           0]
 [          0           0]
 [          0           0]
 [          0           0]
 [    0.57745     0.58676]
 [    0.54961     0.61987]
 [    0.57729     0.62742]
 [    0.53419     0.66219]
 [    0.58131     0.68062]
 [    0.53705     0.70166]
 [     0.5922     0.71524]
 [    0.54527     0.70489]
 [    0.56322      0.7071]
 [    0.54585     0.77474]
 [    0.56361     0.77731]
 [    0.53619     0.84569]
 [    0.55444     0.84661]]
[[          0           0]
 [          0           0]
 [          0           0]
 [          0           0]
 [    0.57689     0.58627]
 [    0.54929     0.61762]
 [    0.57841     0.62338]
 [    0.53475     0.66248]
 [     0.5828     0.67679]
 [    0.53948     0.70038]
 [    0.59254     0.71408]
 [    0.54715     0.70305]
 [    0.56616     0.70491]
 [     0.5449     0.77598]
 [    0.56479     0.77687]
 [     0.5355     0.84584]
 [    0.55791     0.84398]]
[[          0           0]
 [          0           0]
 [          0           0]
 [          0           0]
 [    0.57449     0.58803]
 [    0.54721     0.61719]
 [    0.57751     0.62321]
 [    0.53337     0.66073]
 [    0.58212     0.67637]
 [    0.52891     0.70105]
 [    0.58941     0.71663]
 [    0.54616      0.7063]
 [    0.56724     0.70805]
 [    0.53649     0.77128]
 [    0.56361     0.77341]
 [    0.52407     0.83903]
 [    0.55764     0.84035]]
[[          0           0]
 [          0           0]
 [          0           0]
 [          0           0]
 [    0.57004     0.59447]
 [    0.54295     0.62159]
 [    0.57226     0.62822]
 [    0.52787     0.66419]
 [    0.57925     0.67813]
 [     0.5237     0.70397]
 [    0.58621     0.72098]
 [    0.53954     0.71008]
 [    0.55907      0.7126]
 [    0.53157     0.77606]
 [     0.5546     0.78138]
 [    0.51375     0.84061]
 [    0.54833     0.84869]]
[[          0           0]
 [          0           0]
 [          0           0]
 [          0           0]
 [    0.56472     0.59938]
 [    0.53972     0.62452]
 [    0.56808     0.63505]
 [    0.52312     0.66193]
 [    0.57503     0.68295]
 [    0.51869     0.69929]
 [    0.57653     0.72452]
 [    0.53534     0.70858]
 [    0.55408     0.71383]
 [    0.52631     0.77349]
 [    0.55007     0.78449]
 [    0.50587     0.83753]
 [    0.54386     0.85221]]
[[          0           0]
 [          0           0]
 [          0           0]
 [          0           0]
 [    0.56397     0.59971]
 [     0.5367     0.62354]
 [    0.56898     0.63204]
 [    0.52083     0.66232]
 [    0.57255     0.67458]
 [    0.51457     0.69625]
 [          0           0]
 [    0.53328     0.71066]
 [    0.55562     0.71546]
 [    0.51962     0.77347]
 [    0.54984     0.78917]
 [    0.50403     0.83574]
 [    0.54215     0.86134]]
[[          0           0]
 [          0           0]
 [          0           0]
 [          0           0]
 [    0.56079     0.59834]
 [    0.53408     0.62144]
 [    0.56519     0.63526]
 [    0.51646     0.65674]
 [    0.56753     0.67723]
 [    0.51079     0.69975]
 [     0.5614     0.69859]
 [    0.52898     0.70792]
 [    0.55033     0.71452]
 [    0.51688     0.77547]
 [    0.54546     0.78903]
 [    0.50215      0.8417]
 [    0.53843     0.85608]]
[[          0           0]
 [          0           0]
 [          0           0]
 [          0           0]
 [    0.56082     0.59842]
 [    0.53384     0.62139]
 [    0.56527     0.63526]
 [    0.51592      0.6572]
 [    0.56763     0.67762]
 [    0.51058     0.70054]
 [    0.56146      0.6992]
 [    0.52875     0.70806]
 [    0.55031     0.71474]
 [    0.51679     0.77538]
 [    0.54554     0.78912]
 [    0.50217     0.84149]
 [    0.53844     0.85614]]
[[          0           0]
 [          0           0]
 [          0           0]
 [          0           0]
 [    0.55788     0.59228]
 [       0.53     0.61609]
 [    0.56151     0.62932]
 [    0.51201     0.65203]
 [    0.56377     0.67359]
 [    0.50796     0.69444]
 [     0.5604     0.69952]
 [    0.52433     0.70285]
 [    0.54634     0.70904]
 [    0.51317     0.77006]
 [    0.54457     0.78118]
 [    0.50187     0.83691]
 [    0.54052     0.84809]]
[[          0           0]
 [          0           0]
 [          0           0]
 [          0           0]
 [    0.55466     0.58527]
 [     0.5285     0.61011]
 [    0.55736     0.62097]
 [     0.5116     0.64323]
 [    0.56195     0.66558]
 [    0.50471     0.67675]
 [    0.55905     0.68362]
 [    0.52259     0.69506]
 [    0.54256     0.69909]
 [    0.51444     0.76431]
 [    0.54367     0.76976]
 [    0.50271     0.83042]
 [    0.53729     0.83402]]
[[          0           0]
 [          0           0]
 [          0           0]
 [          0           0]
 [    0.55401     0.57924]
 [    0.52518     0.60185]
 [    0.55645     0.60973]
 [    0.50941     0.64225]
 [    0.55842     0.65496]
 [    0.50518     0.68177]
 [    0.55538     0.68494]
 [     0.5202     0.68621]
 [    0.54197     0.68972]
 [     0.5143     0.75657]
 [    0.54472     0.76237]
 [    0.50415     0.82515]
 [    0.53589     0.83081]]
[[          0           0]
 [          0           0]
 [          0           0]
 [    0.54008     0.56521]
 [    0.55629     0.56721]
 [    0.52565     0.59211]
 [    0.56084     0.59725]
 [     0.5095     0.63063]
 [    0.56242     0.64063]
 [    0.50526     0.66803]
 [          0           0]
 [     0.5204     0.68087]
 [    0.54481     0.68243]
 [     0.5132     0.75143]
 [    0.54665     0.75415]
 [    0.50395      0.8228]
 [    0.53642     0.82222]]
[[          0           0]
 [          0           0]
 [          0           0]
 [          0           0]
 [    0.55376     0.56871]
 [    0.52377     0.58883]
 [    0.55809     0.59604]
 [    0.50864     0.62608]
 [    0.56224     0.63518]
 [    0.50507     0.66323]
 [          0           0]
 [    0.51987     0.67864]
 [    0.54382      0.6818]
 [     0.5118     0.74185]
 [    0.54818     0.74663]
 [    0.50286     0.80965]
 [    0.53623     0.81383]]
[[          0           0]
 [          0           0]
 [          0           0]
 [          0           0]
 [    0.55387     0.56861]
 [    0.52373     0.58886]
 [    0.55829     0.59613]
 [     0.5086     0.62707]
 [    0.56213     0.63609]
 [      0.505     0.66573]
 [          0           0]
 [    0.51981     0.67854]
 [    0.54395     0.68174]
 [     0.5118     0.74179]
 [    0.54824     0.74663]
 [    0.50283     0.80972]
 [    0.53625     0.81384]]
[[          0           0]
 [          0           0]
 [          0           0]
 [          0           0]
 [    0.55308     0.56823]
 [    0.52503     0.58842]
 [    0.55801      0.5975]
 [    0.50897     0.62757]
 [    0.56036     0.63909]
 [    0.50638     0.67016]
 [          0           0]
 [    0.52217     0.67779]
 [    0.54623     0.68236]
 [    0.51213     0.74013]
 [    0.55294     0.74881]
 [    0.49968     0.80676]
 [    0.54562     0.81612]]
[[          0           0]
 [          0           0]
 [          0           0]
 [     0.5399     0.56404]
 [    0.55306     0.56842]
 [    0.52625     0.59132]
 [    0.55644     0.60074]
 [     0.5092     0.63078]
 [    0.56064     0.64277]
 [    0.50428     0.67088]
 [          0           0]
 [    0.52085     0.67749]
 [    0.54347     0.68241]
 [    0.50984     0.73759]
 [    0.55228      0.7487]
 [     0.4962     0.80182]
 [    0.55277     0.81514]]
[[          0           0]
 [          0           0]
 [          0           0]
 [    0.53937     0.56562]
 [     0.5534     0.57065]
 [    0.52757     0.59079]
 [    0.55738     0.60377]
 [    0.50774     0.62118]
 [    0.56292     0.63889]
 [    0.50171     0.65914]
 [          0           0]
 [    0.52124     0.67966]
 [    0.54321     0.68587]
 [    0.51141     0.73388]
 [    0.55157     0.74739]
 [    0.49411      0.7976]
 [    0.55637     0.81316]]
[[          0           0]
 [          0           0]
 [          0           0]
 [    0.53784      0.5727]
 [    0.55308     0.57672]
 [     0.5253     0.60135]
 [    0.55639     0.61154]
 [    0.50837     0.64122]
 [    0.55957     0.65643]
 [    0.50458     0.68412]
 [    0.55813     0.68847]
 [    0.51982     0.68517]
 [    0.54421     0.69005]
 [    0.50509     0.73606]
 [    0.55479     0.74659]
 [    0.48912     0.79682]
 [    0.56306     0.80945]]
[[          0           0]
 [          0           0]
 [          0           0]
 [    0.53928     0.58519]
 [    0.55388     0.58896]
 [    0.52789     0.60951]
 [    0.55733     0.62202]
 [    0.50894     0.63941]
 [    0.55769     0.66848]
 [    0.50326     0.68261]
 [    0.55315     0.70161]
 [    0.52254     0.68557]
 [    0.54656     0.69016]
 [    0.50536     0.73652]
 [    0.56055     0.74112]
 [    0.48884     0.80189]
 [    0.57061     0.80023]]
[[          0           0]
 [          0           0]
 [          0           0]
 [    0.53926     0.58526]
 [    0.55386     0.58902]
 [    0.52781     0.60963]
 [    0.55735     0.62206]
 [    0.50886     0.63947]
 [    0.55775     0.66838]
 [    0.50325     0.68273]
 [    0.55319     0.70165]
 [    0.52242     0.68575]
 [     0.5465     0.69031]
 [    0.50535      0.7366]
 [    0.56058     0.74114]
 [    0.48889     0.80188]
 [    0.57052      0.8002]]
[[          0           0]
 [          0           0]
 [          0           0]
 [    0.53993     0.59005]
 [    0.55542     0.59118]
 [     0.5298      0.6192]
 [    0.55836     0.62545]
 [    0.51193     0.65121]
 [     0.5599     0.66882]
 [    0.50855     0.69217]
 [    0.56029     0.70408]
 [    0.52411     0.69224]
 [    0.54887     0.69402]
 [    0.50618      0.7427]
 [    0.56809     0.74296]
 [    0.48869     0.80416]
 [     0.5782     0.79901]]
