233
235
233
235
217
219
235
161
235
161
245
135
256
108
265
86
279
55
283
50
287
44
291
40
394
77
402
88
409
100
417
113
417
113
425
130
433
146
434
150
423
131
413
113
413
113
406
102
399
92
397
87
399
91
402
95
402
95
405
100
407
106
410
112
413
121
416
131
416
131
419
141
422
152
426
165
436
211
440
230
444
249
458
294
462
291
464
288
467
286
467
286
470
284
473
284
477
285
480
287
483
290
483
290
487
294
488
293
487
288
485
284
484
280
484
280
483
278
481
277
480
277
478
277
477
279
477
279
476
282
474
286
473
290
453
330
453
330
431
147
433
149
436
154
436
154
439
158
442
164
445
170
451
187
451
187
454
196
458
208
461
220
465
233
468
248
469
247
477
281
479
280
482
278
484
276
484
276
486
276
491
278
494
281
497
285
497
285
480
223
464
167
459
146
459
146
448
123
448
126
448
129
448
132
448
132
448
137
447
143
447
149
447
157
447
165
447
165
447
173
446
186
446
196
445
210
445
224
445
224
444
239
443
256
443
274
443
281
443
277
443
277
443
274
443
271
440
234
438
210
438
210
433
160
433
148
436
150
436
150
439
154
444
159
447
164
452
171
466
195
470
206
472
215
473
225
473
225
474
236
473
243
473
243
472
242
472
242
470
243
470
245
469
248
469
248
468
252
466
257
465
261
464
269
463
277
463
277
440
198
429
152
429
152
429
147
432
149
435
152
438
155
441
159
441
159
444
163
447
169
454
184
458
192
458
192
461
203
465
214
469
226
473
239
477
255
477
255
486
290
490
293
492
292
500
290
503
291
506
294
509
298
509
298
511
303
514
309
517
316
524
336
524
336
523
341
521
339
519
338
517
338
517
338
514
338
509
337
508
331
508
331
506
328
506
324
504
323
503
321
502
321
502
321
501
322
500
324
499
322
497
319
496
316
496
316
500
309
503
301
506
289
509
278
513
267
513
267
515
258
518
249
516
244
513
239
510
236
510
236
507
234
504
232
501
232
498
232
419
252
416
257
417
249
417
242
417
241
418
235
418
235
424
259
424
259
426
251
427
243
429
236
211
80
203
84
196
89
189
95
189
95
181
101
173
110
164
119
156
129
147
141
147
141
137
154
128
168
111
197
115
211
115
211
118
224
120
239
123
256
126
273
129
292
129
292
145
349
145
349
148
344
151
335
153
328
157
321
160
316
160
316
162
313
165
309
168
307
180
311
183
314
186
319
189
324
189
324
226
153
228
144
225
146
222
149
219
154
219
154
216
158
209
169
198
197
195
206
191
217
187
232
183
246
183
246
178
261
174
281
170
289
168
285
165
284
165
284
162
282
159
282
156
281
265
154
307
139
313
143
320
147
326
154
326
154
333
161
383
225
403
255
410
155
410
155
414
157
418
160
422
163
426
167
445
194
450
203
456
214
456
214
461
224
468
237
494
282
498
280
502
280
506
281
506
281
511
283
515
286
519
290
523
295
528
302
528
302
532
309
537
317
526
348
522
340
517
336
517
336
515
336
512
336
510
336
508
333
507
330
507
330
505
329
503
328
501
329
499
327
497
325
497
325
496
324
494
323
492
322
490
321
489
320
489
320
487
319
486
315
490
311
495
305
495
305
500
298
505
293
510
289
514
286
518
283
518
283
514
282
511
281
531
321
501
255
497
229
497
229
530
320
478
170
471
158
465
146
465
146
459
135
453
126
448
115
443
111
438
106
438
106
437
105
437
106
437
108
437
112
531
321
531
321
531
320
435
133
435
141
435
149
435
149
434
158
434
167
531
321
531
321
433
204
433
204
432
217
431
232
531
321
531
321
430
239
430
239
429
236
429
233
428
230
428
229
531
321
531
321
531
320
531
320
404
257
400
251
397
245
394
240
390
236
390
236
387
233
381
244
380
256
376
277
374
261
373
256
371
252
371
252
370
248
369
245
368
243
373
276
375
261
375
260
377
257
378
253
379
250
380
247
381
245
381
245
320
217
306
223
269
142
251
102
244
94
238
94
238
94
231
94
224
95
217
97
210
100
203
103
203
103
195
106
187
110
178
117
169
125
160
133
160
133
151
142
142
152
142
160
145
168
148
178
148
178
154
201
157
214
161
228
164
244
164
244
181
192
187
165
193
143
194
132
194
132
190
136
186
139
182
143
177
149
172
156
172
156
167
163
163
171
151
202
151
202
149
213
146
227
144
242
141
258
139
275
139
275
136
292
135
291
134
288
133
287
132
286
132
286
131
287
130
288
129
290
128
293
133
255
133
255
136
222
143
167
153
149
162
135
162
135
171
121
180
109
187
99
194
90
201
82
201
82
206
76
208
76
210
78
212
79
214
83
214
83
216
86
217
91
220
96
222
102
224
108
224
108
226
116
229
126
232
135
234
146
237
158
237
158
239
169
258
263
260
258
262
252
264
248
264
248
366
249
366
249
369
258
373
270
376
275
379
276
383
277
383
277
386
280
390
284
394
289
406
310
424
338
424
338
429
343
434
350
442
346
442
342
442
339
442
337
441
335
441
335
441
333
441
329
441
327
441
325
441
325
441
324
441
324
440
321
440
319
440
319
440
318
440
318
439
317
439
314
439
313
439
313
439
312
439
310
439
310
439
308
439
307
439
307
439
306
438
304
522
292
522
292
517
294
512
297
508
302
502
308
497
314
497
314
492
322
486
332
437
341
434
343
434
343
430
346
426
349
423
347
421
343
418
341
418
341
415
340
277
280
277
280
278
275
