0.3640625
0.6527777777777778
0.3640625
0.6527777777777778
0.3390625
0.6083333333333333
0.3671875
0.44722222222222224
0.3671875
0.44722222222222224
0.3828125
0.375
0.4
0.3
0.4140625
0.2388888888888889
0.4359375
0.1527777777777778
0.4421875
0.1388888888888889
0.4484375
0.12222222222222222
0.4546875
0.1111111111111111
0.615625
0.21388888888888888
0.628125
0.24444444444444444
0.6390625
0.2777777777777778
0.6515625
0.3138888888888889
0.6515625
0.3138888888888889
0.6640625
0.3611111111111111
0.6765625
0.40555555555555556
0.678125
0.4166666666666667
0.6609375
0.3638888888888889
0.6453125
0.3138888888888889
0.6453125
0.3138888888888889
0.634375
0.2833333333333333
0.6234375
0.25555555555555554
0.6203125
0.24166666666666667
0.6234375
0.25277777777777777
0.628125
0.2638888888888889
0.628125
0.2638888888888889
0.6328125
0.2777777777777778
0.6359375
0.29444444444444445
0.640625
0.3111111111111111
0.6453125
0.33611111111111114
0.65
0.3638888888888889
0.65
0.3638888888888889
0.6546875
0.39166666666666666
0.659375
0.4222222222222222
0.665625
0.4583333333333333
0.68125
0.5861111111111111
0.6875
0.6388888888888888
0.69375
0.6916666666666667
0.715625
0.8166666666666667
0.721875
0.8083333333333333
0.725
0.8
0.7296875
0.7944444444444444
0.7296875
0.7944444444444444
0.734375
0.7888888888888889
0.7390625
0.7888888888888889
0.7453125
0.7916666666666666
0.75
0.7972222222222223
0.7546875
0.8055555555555556
0.7546875
0.8055555555555556
0.7609375
0.8166666666666667
0.7625
0.8138888888888889
0.7609375
0.8
0.7578125
0.7888888888888889
0.75625
0.7777777777777778
0.75625
0.7777777777777778
0.7546875
0.7722222222222223
0.7515625
0.7694444444444445
0.75
0.7694444444444445
0.746875
0.7694444444444445
0.7453125
0.775
0.7453125
0.775
0.74375
0.7833333333333333
0.740625
0.7944444444444444
0.7390625
0.8055555555555556
0.7078125
0.9166666666666666
0.7078125
0.9166666666666666
0.6734375
0.4083333333333333
0.6765625
0.41388888888888886
0.68125
0.42777777777777776
0.68125
0.42777777777777776
0.6859375
0.4388888888888889
0.690625
0.45555555555555555
0.6953125
0.4722222222222222
0.7046875
0.5194444444444445
0.7046875
0.5194444444444445
0.709375
0.5444444444444444
0.715625
0.5777777777777777
0.7203125
0.6111111111111112
0.7265625
0.6472222222222223
0.73125
0.6888888888888889
0.7328125
0.6861111111111111
0.7453125
0.7805555555555556
0.7484375
0.7777777777777778
0.753125
0.7722222222222223
0.75625
0.7666666666666667
0.75625
0.7666666666666667
0.759375
0.7666666666666667
0.7671875
0.7722222222222223
0.771875
0.7805555555555556
0.7765625
0.7916666666666666
0.7765625
0.7916666666666666
0.75
0.6194444444444445
0.725
0.4638888888888889
0.7171875
0.40555555555555556
0.7171875
0.40555555555555556
0.7
0.3416666666666667
0.7
0.35
0.7
0.35833333333333334
0.7
0.36666666666666664
0.7
0.36666666666666664
0.7
0.38055555555555554
0.6984375
0.3972222222222222
0.6984375
0.41388888888888886
0.6984375
0.4361111111111111
0.6984375
0.4583333333333333
0.6984375
0.4583333333333333
0.6984375
0.48055555555555557
0.696875
0.5166666666666667
0.696875
0.5444444444444444
0.6953125
0.5833333333333334
0.6953125
0.6222222222222222
0.6953125
0.6222222222222222
0.69375
0.6638888888888889
0.6921875
0.7111111111111111
0.6921875
0.7611111111111111
0.6921875
0.7805555555555556
0.6921875
0.7694444444444445
0.6921875
0.7694444444444445
0.6921875
0.7611111111111111
0.6921875
0.7527777777777778
0.6875
0.65
0.684375
0.5833333333333334
0.684375
0.5833333333333334
0.6765625
0.4444444444444444
0.6765625
0.4111111111111111
0.68125
0.4166666666666667
0.68125
0.4166666666666667
0.6859375
0.42777777777777776
0.69375
0.44166666666666665
0.6984375
0.45555555555555555
0.70625
0.475
0.728125
0.5416666666666666
0.734375
0.5722222222222222
0.7375
0.5972222222222222
0.7390625
0.625
0.7390625
0.625
0.740625
0.6555555555555556
0.7390625
0.675
0.7390625
0.675
0.7375
0.6722222222222223
0.7375
0.6722222222222223
0.734375
0.675
0.734375
0.6805555555555556
0.7328125
0.6888888888888889
0.7328125
0.6888888888888889
0.73125
0.7
0.728125
0.7138888888888889
0.7265625
0.725
0.725
0.7472222222222222
0.7234375
0.7694444444444445
0.7234375
0.7694444444444445
0.6875
0.55
0.6703125
0.4222222222222222
0.6703125
0.4222222222222222
0.6703125
0.4083333333333333
0.675
0.41388888888888886
0.6796875
0.4222222222222222
0.684375
0.4305555555555556
0.6890625
0.44166666666666665
0.6890625
0.44166666666666665
0.69375
0.4527777777777778
0.6984375
0.46944444444444444
0.709375
0.5111111111111111
0.715625
0.5333333333333333
0.715625
0.5333333333333333
0.7203125
0.5638888888888889
0.7265625
0.5944444444444444
0.7328125
0.6277777777777778
0.7390625
0.6638888888888889
0.7453125
0.7083333333333334
0.7453125
0.7083333333333334
0.759375
0.8055555555555556
0.765625
0.8138888888888889
0.76875
0.8111111111111111
0.78125
0.8055555555555556
0.7859375
0.8083333333333333
0.790625
0.8166666666666667
0.7953125
0.8277777777777777
0.7953125
0.8277777777777777
0.7984375
0.8416666666666667
0.803125
0.8583333333333333
0.8078125
0.8777777777777778
0.81875
0.9333333333333333
0.81875
0.9333333333333333
0.8171875
0.9472222222222222
0.8140625
0.9416666666666667
0.8109375
0.9388888888888889
0.8078125
0.9388888888888889
0.8078125
0.9388888888888889
0.803125
0.9388888888888889
0.7953125
0.9361111111111111
0.79375
0.9194444444444444
0.79375
0.9194444444444444
0.790625
0.9111111111111111
0.790625
0.9
0.7875
0.8972222222222223
0.7859375
0.8916666666666667
0.784375
0.8916666666666667
0.784375
0.8916666666666667
0.7828125
0.8944444444444445
0.78125
0.9
0.7796875
0.8944444444444445
0.7765625
0.8861111111111111
0.775
0.8777777777777778
0.775
0.8777777777777778
0.78125
0.8583333333333333
0.7859375
0.8361111111111111
0.790625
0.8027777777777778
0.7953125
0.7722222222222223
0.8015625
0.7416666666666667
0.8015625
0.7416666666666667
0.8046875
0.7166666666666667
0.809375
0.6916666666666667
0.80625
0.6777777777777778
0.8015625
0.6638888888888889
0.796875
0.6555555555555556
0.796875
0.6555555555555556
0.7921875
0.65
0.7875
0.6444444444444445
0.7828125
0.6444444444444445
0.778125
0.6444444444444445
0.6546875
0.7
0.65
0.7138888888888889
0.6515625
0.6916666666666667
0.6515625
0.6722222222222223
0.6515625
0.6694444444444444
0.653125
0.6527777777777778
0.653125
0.6527777777777778
0.6625
0.7194444444444444
0.6625
0.7194444444444444
0.665625
0.6972222222222222
0.6671875
0.675
0.6703125
0.6555555555555556
0.3296875
0.2222222222222222
0.3171875
0.23333333333333334
0.30625
0.24722222222222223
0.2953125
0.2638888888888889
0.2953125
0.2638888888888889
0.2828125
0.28055555555555556
0.2703125
0.3055555555555556
0.25625
0.33055555555555555
0.24375
0.35833333333333334
0.2296875
0.39166666666666666
0.2296875
0.39166666666666666
0.2140625
0.42777777777777776
0.2
0.4666666666666667
0.1734375
0.5472222222222223
0.1796875
0.5861111111111111
0.1796875
0.5861111111111111
0.184375
0.6222222222222222
0.1875
0.6638888888888889
0.1921875
0.7111111111111111
0.196875
0.7583333333333333
0.2015625
0.8111111111111111
0.2015625
0.8111111111111111
0.2265625
0.9694444444444444
0.2265625
0.9694444444444444
0.23125
0.9555555555555556
0.2359375
0.9305555555555556
0.2390625
0.9111111111111111
0.2453125
0.8916666666666667
0.25
0.8777777777777778
0.25
0.8777777777777778
0.253125
0.8694444444444445
0.2578125
0.8583333333333333
0.2625
0.8527777777777777
0.28125
0.8638888888888889
0.2859375
0.8722222222222222
0.290625
0.8861111111111111
0.2953125
0.9
0.2953125
0.9
0.353125
0.425
0.35625
0.4
0.3515625
0.40555555555555556
0.346875
0.41388888888888886
0.3421875
0.42777777777777776
0.3421875
0.42777777777777776
0.3375
0.4388888888888889
0.3265625
0.46944444444444444
0.309375
0.5472222222222223
0.3046875
0.5722222222222222
0.2984375
0.6027777777777777
0.2921875
0.6444444444444445
0.2859375
0.6833333333333333
0.2859375
0.6833333333333333
0.278125
0.725
0.271875
0.7805555555555556
0.265625
0.8027777777777778
0.2625
0.7916666666666666
0.2578125
0.7888888888888889
0.2578125
0.7888888888888889
0.253125
0.7833333333333333
0.2484375
0.7833333333333333
0.24375
0.7805555555555556
0.4140625
0.42777777777777776
0.4796875
0.3861111111111111
0.4890625
0.3972222222222222
0.5
0.4083333333333333
0.509375
0.42777777777777776
0.509375
0.42777777777777776
0.5203125
0.44722222222222224
0.5984375
0.625
0.6296875
0.7083333333333334
0.640625
0.4305555555555556
0.640625
0.4305555555555556
0.646875
0.4361111111111111
0.653125
0.4444444444444444
0.659375
0.4527777777777778
0.665625
0.4638888888888889
0.6953125
0.5388888888888889
0.703125
0.5638888888888889
0.7125
0.5944444444444444
0.7125
0.5944444444444444
0.7203125
0.6222222222222222
0.73125
0.6583333333333333
0.771875
0.7833333333333333
0.778125
0.7777777777777778
0.784375
0.7777777777777778
0.790625
0.7805555555555556
0.790625
0.7805555555555556
0.7984375
0.7861111111111111
0.8046875
0.7944444444444444
0.8109375
0.8055555555555556
0.8171875
0.8194444444444444
0.825
0.8388888888888889
0.825
0.8388888888888889
0.83125
0.8583333333333333
0.8390625
0.8805555555555555
0.821875
0.9666666666666667
0.815625
0.9444444444444444
0.8078125
0.9333333333333333
0.8078125
0.9333333333333333
0.8046875
0.9333333333333333
0.8
0.9333333333333333
0.796875
0.9333333333333333
0.79375
0.925
0.7921875
0.9166666666666666
0.7921875
0.9166666666666666
0.7890625
0.9138888888888889
0.7859375
0.9111111111111111
0.7828125
0.9138888888888889
0.7796875
0.9083333333333333
0.7765625
0.9027777777777778
0.7765625
0.9027777777777778
0.775
0.9
0.771875
0.8972222222222223
0.76875
0.8944444444444445
0.765625
0.8916666666666667
0.7640625
0.8888888888888888
0.7640625
0.8888888888888888
0.7609375
0.8861111111111111
0.759375
0.875
0.765625
0.8638888888888889
0.7734375
0.8472222222222222
0.7734375
0.8472222222222222
0.78125
0.8277777777777777
0.7890625
0.8138888888888889
0.796875
0.8027777777777778
0.803125
0.7944444444444444
0.809375
0.7861111111111111
0.809375
0.7861111111111111
0.803125
0.7833333333333333
0.7984375
0.7805555555555556
0.8296875
0.8916666666666667
0.7828125
0.7083333333333334
0.7765625
0.6361111111111111
0.7765625
0.6361111111111111
0.828125
0.8888888888888888
0.746875
0.4722222222222222
0.7359375
0.4388888888888889
0.7265625
0.40555555555555556
0.7265625
0.40555555555555556
0.7171875
0.375
0.7078125
0.35
0.7
0.3194444444444444
0.6921875
0.30833333333333335
0.684375
0.29444444444444445
0.684375
0.29444444444444445
0.6828125
0.2916666666666667
0.6828125
0.29444444444444445
0.6828125
0.3
0.6828125
0.3111111111111111
0.8296875
0.8916666666666667
0.8296875
0.8916666666666667
0.8296875
0.8888888888888888
0.6796875
0.36944444444444446
0.6796875
0.39166666666666666
0.6796875
0.41388888888888886
0.6796875
0.41388888888888886
0.678125
0.4388888888888889
0.678125
0.4638888888888889
0.8296875
0.8916666666666667
0.8296875
0.8916666666666667
0.6765625
0.5666666666666667
0.6765625
0.5666666666666667
0.675
0.6027777777777777
0.6734375
0.6444444444444445
0.8296875
0.8916666666666667
0.8296875
0.8916666666666667
0.671875
0.6638888888888889
0.671875
0.6638888888888889
0.6703125
0.6555555555555556
0.6703125
0.6472222222222223
0.66875
0.6388888888888888
0.66875
0.6361111111111111
0.8296875
0.8916666666666667
0.8296875
0.8916666666666667
0.8296875
0.8888888888888888
0.8296875
0.8888888888888888
0.63125
0.7138888888888889
0.625
0.6972222222222222
0.6203125
0.6805555555555556
0.615625
0.6666666666666666
0.609375
0.6555555555555556
0.609375
0.6555555555555556
0.6046875
0.6472222222222223
0.5953125
0.6777777777777778
0.59375
0.7111111111111111
0.5875
0.7694444444444445
0.584375
0.725
0.5828125
0.7111111111111111
0.5796875
0.7
0.5796875
0.7
0.578125
0.6888888888888889
0.5765625
0.6805555555555556
0.575
0.675
0.5828125
0.7666666666666667
0.5859375
0.725
0.5859375
0.7222222222222222
0.5890625
0.7138888888888889
0.590625
0.7027777777777777
0.5921875
0.6944444444444444
0.59375
0.6861111111111111
0.5953125
0.6805555555555556
0.5953125
0.6805555555555556
0.5
0.6027777777777777
0.478125
0.6194444444444445
0.4203125
0.39444444444444443
0.3921875
0.2833333333333333
0.38125
0.2611111111111111
0.371875
0.2611111111111111
0.371875
0.2611111111111111
0.3609375
0.2611111111111111
0.35
0.2638888888888889
0.3390625
0.26944444444444443
0.328125
0.2777777777777778
0.3171875
0.2861111111111111
0.3171875
0.2861111111111111
0.3046875
0.29444444444444445
0.2921875
0.3055555555555556
0.278125
0.325
0.2640625
0.3472222222222222
0.25
0.36944444444444446
0.25
0.36944444444444446
0.2359375
0.39444444444444443
0.221875
0.4222222222222222
0.221875
0.4444444444444444
0.2265625
0.4666666666666667
0.23125
0.49444444444444446
0.23125
0.49444444444444446
0.240625
0.5583333333333333
0.2453125
0.5944444444444444
0.2515625
0.6333333333333333
0.25625
0.6777777777777778
0.25625
0.6777777777777778
0.2828125
0.5333333333333333
0.2921875
0.4583333333333333
0.3015625
0.3972222222222222
0.303125
0.36666666666666664
0.303125
0.36666666666666664
0.296875
0.37777777777777777
0.290625
0.3861111111111111
0.284375
0.3972222222222222
0.2765625
0.41388888888888886
0.26875
0.43333333333333335
0.26875
0.43333333333333335
0.2609375
0.4527777777777778
0.2546875
0.475
0.2359375
0.5611111111111111
0.2359375
0.5611111111111111
0.2328125
0.5916666666666667
0.228125
0.6305555555555555
0.225
0.6722222222222223
0.2203125
0.7166666666666667
0.2171875
0.7638888888888888
0.2171875
0.7638888888888888
0.2125
0.8111111111111111
0.2109375
0.8083333333333333
0.209375
0.8
0.2078125
0.7972222222222223
0.20625
0.7944444444444444
0.20625
0.7944444444444444
0.2046875
0.7972222222222223
0.203125
0.8
0.2015625
0.8055555555555556
0.2
0.8138888888888889
0.2078125
0.7083333333333334
0.2078125
0.7083333333333334
0.2125
0.6166666666666667
0.2234375
0.4638888888888889
0.2390625
0.41388888888888886
0.253125
0.375
0.253125
0.375
0.2671875
0.33611111111111114
0.28125
0.30277777777777776
0.2921875
0.275
0.303125
0.25
0.3140625
0.22777777777777777
0.3140625
0.22777777777777777
0.321875
0.2111111111111111
0.325
0.2111111111111111
0.328125
0.21666666666666667
0.33125
0.21944444444444444
0.334375
0.23055555555555557
0.334375
0.23055555555555557
0.3375
0.2388888888888889
0.3390625
0.25277777777777777
0.34375
0.26666666666666666
0.346875
0.2833333333333333
0.35
0.3
0.35
0.3
0.353125
0.32222222222222224
0.3578125
0.35
0.3625
0.375
0.365625
0.40555555555555556
0.3703125
0.4388888888888889
0.3703125
0.4388888888888889
0.3734375
0.46944444444444444
0.403125
0.7305555555555555
0.40625
0.7166666666666667
0.409375
0.7
0.4125
0.6888888888888889
0.4125
0.6888888888888889
0.571875
0.6916666666666667
0.571875
0.6916666666666667
0.5765625
0.7166666666666667
0.5828125
0.75
0.5875
0.7638888888888888
0.5921875
0.7666666666666667
0.5984375
0.7694444444444445
0.5984375
0.7694444444444445
0.603125
0.7777777777777778
0.609375
0.7888888888888889
0.615625
0.8027777777777778
0.634375
0.8611111111111112
0.6625
0.9388888888888889
0.6625
0.9388888888888889
0.6703125
0.9527777777777777
0.678125
0.9722222222222222
0.690625
0.9611111111111111
0.690625
0.95
0.690625
0.9416666666666667
0.690625
0.9361111111111111
0.6890625
0.9305555555555556
0.6890625
0.9305555555555556
0.6890625
0.925
0.6890625
0.9138888888888889
0.6890625
0.9083333333333333
0.6890625
0.9027777777777778
0.6890625
0.9027777777777778
0.6890625
0.9
0.6890625
0.9
0.6875
0.8916666666666667
0.6875
0.8861111111111111
0.6875
0.8861111111111111
0.6875
0.8833333333333333
0.6875
0.8833333333333333
0.6859375
0.8805555555555555
0.6859375
0.8722222222222222
0.6859375
0.8694444444444445
0.6859375
0.8694444444444445
0.6859375
0.8666666666666667
0.6859375
0.8611111111111112
0.6859375
0.8611111111111112
0.6859375
0.8555555555555555
0.6859375
0.8527777777777777
0.6859375
0.8527777777777777
0.6859375
0.85
0.684375
0.8444444444444444
0.815625
0.8111111111111111
0.815625
0.8111111111111111
0.8078125
0.8166666666666667
0.8
0.825
0.79375
0.8388888888888889
0.784375
0.8555555555555555
0.7765625
0.8722222222222222
0.7765625
0.8722222222222222
0.76875
0.8944444444444445
0.759375
0.9222222222222223
0.6828125
0.9472222222222222
0.678125
0.9527777777777777
0.678125
0.9527777777777777
0.671875
0.9611111111111111
0.665625
0.9694444444444444
0.6609375
0.9638888888888889
0.6578125
0.9527777777777777
0.653125
0.9472222222222222
0.653125
0.9472222222222222
0.6484375
0.9444444444444444
0.4328125
0.7777777777777778
0.4328125
0.7777777777777778
0.434375
0.7638888888888888
