[233, 235]
[233, 235]
[217, 219]
[235, 161]
[235, 161]
[245, 135]
[256, 108]
[265, 86]
[279, 55]
[283, 50]
[287, 44]
[291, 40]
[394, 77]
[402, 88]
[409, 100]
[417, 113]
[417, 113]
[425, 130]
[433, 146]
[434, 150]
[423, 131]
[413, 113]
[413, 113]
[406, 102]
[399, 92]
[397, 87]
[399, 91]
[402, 95]
[402, 95]
[405, 100]
[407, 106]
[410, 112]
[413, 121]
[416, 131]
[416, 131]
[419, 141]
[422, 152]
[426, 165]
[436, 211]
[440, 230]
[444, 249]
[458, 294]
[462, 291]
[464, 288]
[467, 286]
[467, 286]
[470, 284]
[473, 284]
[477, 285]
[480, 287]
[483, 290]
[483, 290]
[487, 294]
[488, 293]
[487, 288]
[485, 284]
[484, 280]
[484, 280]
[483, 278]
[481, 277]
[480, 277]
[478, 277]
[477, 279]
[477, 279]
[476, 282]
[474, 286]
[473, 290]
[453, 330]
[453, 330]
[431, 147]
[433, 149]
[436, 154]
[436, 154]
[439, 158]
[442, 164]
[445, 170]
[451, 187]
[451, 187]
[454, 196]
[458, 208]
[461, 220]
[465, 233]
[468, 248]
[469, 247]
[477, 281]
[479, 280]
[482, 278]
[484, 276]
[484, 276]
[486, 276]
[491, 278]
[494, 281]
[497, 285]
[497, 285]
[480, 223]
[464, 167]
[459, 146]
[459, 146]
[448, 123]
[448, 126]
[448, 129]
[448, 132]
[448, 132]
[448, 137]
[447, 143]
[447, 149]
[447, 157]
[447, 165]
[447, 165]
[447, 173]
[446, 186]
[446, 196]
[445, 210]
[445, 224]
[445, 224]
[444, 239]
[443, 256]
[443, 274]
[443, 281]
[443, 277]
[443, 277]
[443, 274]
[443, 271]
[440, 234]
[438, 210]
[438, 210]
[433, 160]
[433, 148]
[436, 150]
[436, 150]
[439, 154]
[444, 159]
[447, 164]
[452, 171]
[466, 195]
[470, 206]
[472, 215]
[473, 225]
[473, 225]
[474, 236]
[473, 243]
[473, 243]
[472, 242]
[472, 242]
[470, 243]
[470, 245]
[469, 248]
[469, 248]
[468, 252]
[466, 257]
[465, 261]
[464, 269]
[463, 277]
[463, 277]
[440, 198]
[429, 152]
[429, 152]
[429, 147]
[432, 149]
[435, 152]
[438, 155]
[441, 159]
[441, 159]
[444, 163]
[447, 169]
[454, 184]
[458, 192]
[458, 192]
[461, 203]
[465, 214]
[469, 226]
[473, 239]
[477, 255]
[477, 255]
[486, 290]
[490, 293]
[492, 292]
[500, 290]
[503, 291]
[506, 294]
[509, 298]
[509, 298]
[511, 303]
[514, 309]
[517, 316]
[524, 336]
[524, 336]
[523, 341]
[521, 339]
[519, 338]
[517, 338]
[517, 338]
[514, 338]
[509, 337]
[508, 331]
[508, 331]
[506, 328]
[506, 324]
[504, 323]
[503, 321]
[502, 321]
[502, 321]
[501, 322]
[500, 324]
[499, 322]
[497, 319]
[496, 316]
[496, 316]
[500, 309]
[503, 301]
[506, 289]
[509, 278]
[513, 267]
[513, 267]
[515, 258]
[518, 249]
[516, 244]
[513, 239]
[510, 236]
[510, 236]
[507, 234]
[504, 232]
[501, 232]
[498, 232]
[419, 252]
[416, 257]
[417, 249]
[417, 242]
[417, 241]
[418, 235]
[418, 235]
[424, 259]
[424, 259]
[426, 251]
[427, 243]
[429, 236]
